=~=~=~=~=~=~=~=~=~=~=~= PuTTY log 2019.10.28 13:27:08 =~=~=~=~=~=~=~=~=~=~=~=
10111111;111111
-1683163
11110;1
-170861
10111101;111101
-1734161
0111101;111100
-1734160
10111101;111101
-1734161
10111101;111101
-1734161
10111110;1
-170861
10111101;111101
-1734161
0111101;111100
-1734160
10111101;111101
-1734161
10111101;111101
-1734161
10111110;1
-170861
10111101;111101
-1734161
Serial OK
I2C Scanner
I2C scanner. Scanning ...
Found address: 66 (0x42)
Done.
Found 1 device(s).
0;0
00
10111110;1
-170861
10111101;110100
-1734152
10111101;111111
-1734163
10111101;111101
-1734161
10111101;111110
-1734162
10111101;111110
-1734162
10111101;111101
-1734161
10111101;11
-173413
10111110;11
-170863
10111101;111110
-1734162
10111101;111100
-1734160
10111110;1
-170861
10111101;111101
-1734161
10111101;111010
-1734158
10111101;111100
-1734160
10111101;111010
-1734158
10111101;0
-173410
10111110;10
-170862
10111110;0
-170860
10111101;111100
-1734160
10111101;111110
-1734162
10111101;111001
-1734157
10111101;10
-173412
10111110;1
-170861
10111101;111011
-1734159
10111101;111001
-1734157
10111110;111110
-1708662
10111110;0
-170860
10111110;1
-170861
10111101;111110
-1734162
10111101;111110
-1734162
10111101;111011
-1734159
10111110;10
-170862
10111110;10
-170862
10111110;111111
-1708663
10111110;1
-170861
10111101;111110
-1734162
10111101;111010
-1734158
10111101;101100
-1734144
10111101;10110
-1734122
10111100;111101
-1759661
10111100;11110
-1759630
10111011;101110
-1785146
10111010;101101
-1810645
10111001;10001
-1836117
10101111;10001
-2091117
10100111;11111
-2295131
10100010;1000
-242268
10011101;10001
-2550117
10011100;101
-257565
10011101;100
-255014
10011110;1111
-2524615
10011111;111110
-2499162
10100001;10111
-2448123
10100001;0
-244810
10100011;101011
-2397143
10100110;1010
-2320610
10101000;1101
-2269613
10101011;1010
-2193110
10101101;10111
-2142123
10110000;110011
-2065651
10110110;1101
-1912613
10111000;0
-186160
10111001;111001
-1836157
10111011;100100
-1785136
10111101;110111
-1734155
10111111;11001
-1683125
10111111;111010
-1683158
10111111;111101
-1683161
10111111;111101
-1683161
10111111;111010
-1683158
10111111;111010
-1683158
11000000;111101
-1657661
10111111;0
-168310
11000000;111110
-1657662
11000000;10
-165762
11000000;100101
-1657637
11000010;111010
-1606658
11000111;10001
-1479117
11001100;11101
-1351629
11010010;110101
-1198653
11011001;110011
-1020151
11100000;10111
-841623
11100110;0
-68860
11101010;11110
-586630
11101101;100101
-510137
11101111;111100
-459160
11110001;101110
-408146
11110011;101100
-357144
11110101;100001
-306133
11110111;101010
-255142
11111001;10101
-204121
11111011;11001
-153125
11111110;110100
-76652
100;10001
102017
1011;1
28051
10010;11
45903
10111;111000
586556
11100;100001
714033
100001;10111
841523
100110;1011
969011
101011;11
109653
101111;1101
1198513
110010;111011
1275059
110110;101000
1377040
111100;111010
1530058
1000101;10101
1759521
1001110;111001
1989057
1010110;110100
2193052
1011101;1101
2371513
1100011;10111
2524523
1101000;1100
2652012
1101100;101001
2754041
1101111;111010
2830558
1110010;101011
2907043
1110101;100011
2983535
1111010;1101
3111013
10000001;11000
-3264124
10001001;110011
-3060151
10010001;110010
-2856150
10011000;11101
-2677629
10100000;1011
-2473611
10100110;10110
-2320622
10101100;100111
-2167639
10110010;11010
-2014626
10110111;10111
-1887123
10111011;100010
-1785134
11000000;100010
-1657634
11000111;100001
-1479133
11010000;1110
-1249614
11011001;100001
-1020133
11100001;110101
-816153
11101000;111100
-637660
11101111;100010
-459134
11110101;110000
-306148
11111011;101010
-153142
0;11101
029
100;100110
102038
1001;11100
229528
10000;11010
408026
11001;101100
637544
100011;110100
892552
101100;111101
1122061
110100;101111
1326047
111100;10010
1530018
1000001;101111
1657547
1000110;110101
1785053
1001000;111000
1836056
1001010;101101
1887045
1001011;100111
1912539
1001100;101101
1938045
1010000;1100
2040012
1010110;110
219306
1011101;101011
2371543
1100100;100011
2550035
1101010;10001
2703017
1101111;10010
2830518
1110011;101101
2932545
1111000;1000
306008
1111100;11111
3162031
10000000;110101
3264053
10000100;101010
-3187642
10001000;100011
-3085635
10001101;100010
-2958134
10010100;101010
-2779642
10011101;110010
-2550150
10100110;111101
-2320661
10101110;1001
-211669
10110101;1
-193811
10111011;101111
-1785147
11000001;110
-163216
11000101;11111
-1530131
11001000;110111
-1453655
11001011;110001
-1377149
11001101;110111
-1326155
11010001;0
-122410
11010110;1100
-1096612
11011101;10110
-918122
11100100;111001
-739657
11101011;101001
-561141
11110001;101001
-408141
11110111;0
-25510
11111011;110101
-153153
0;101100
044
101;11100
127528
1001;101010
229542
1101;100101
331537
10001;110011
433551
11000;100001
612033
100001;101000
841540
101011;11110
1096530
110100;1001
132609
111011;1111
1504515
1000001;10100
1657520
1000110;101010
1785042
1001011;101011
1912543
1001111;110011
2014551
1010011;111111
2116563
1010101;11110
2167530
1010111;11110
2218530
1011001;110101
2269553
1011101;101000
2371540
1100011;10011
2524519
1101001;111001
2677557
1110000;1101
2856013
1110101;100101
2983537
1111010;10010
3111018
1111110;1011
3213011
10000001;100010
-3264134
10000100;1010
-3187610
10000101;100100
-3162136
10000110;101110
-3136646
10001000;1101
-3085613
10001011;100111
-3009139
10010000;111110
-2881662
10010111;11011
-2703127
10011101;100101
-2550137
10100011;1100
-2397112
10100111;111010
-2295158
10101011;111000
-2193156
10101111;10110
-2091122
10110010;100011
-2014635
10110101;111111
-1938163
10110110;111000
-1912656
10111001;10010
-1836118
10111101;100100
-1734136
11000011;100111
-1581139
11001010;110011
-1402651
11010001;101000
-1224140
11010111;110101
-1071153
11011101;110
-91816
11100001;110001
-816149
11100110;1000
-68868
11101010;101000
-586640
11101111;1101
-459113
11110011;11110
-357130
11110111;0
-25510
11111010;101100
-178644
11111110;111010
-76658
100;100101
102037
1011;101000
280540
10011;101
48455
11001;11001
637525
11110;111
76507
100100;100
91804
101000;110010
1020050
101101;1100
1147512
110001;10
124952
110011;110110
1300554
110101;111000
1351556
110111;111111
1402563
111011;101111
1504547
1000000;110101
1632053
1000110;100001
1785033
1001100;1
193801
1010000;111110
2040062
1010101;101101
2167545
1011001;111111
2269563
1011101;111101
2371561
1100001;10111
2473523
1100100;111
255007
1100110;111
260107
1100111;10001
2626517
1100111;11110
2626530
1100111;1101
2626513
1100110;11100
2601028
1100101;101100
2575544
1100101;11101
2575529
1100101;10110
2575522
1100101;11100
2575528
1100101;11001
2575525
1100101;11100
2575528
1100101;11001
2575525
1100101;10111
2575523
1100101;11100
2575528
1100101;11100
2575528
1100101;11000
2575524
1100101;11010
2575526
1100101;11011
2575527
1100101;11001
2575525
1100101;11011
2575527
1100101;10010
2575518
1100101;10101
2575521
1100101;10011
2575519
1100101;11000
2575524
1100101;11010
2575526
1100101;10110
2575522
1100101;10011
2575519
1100101;11001
2575525
1100101;10111
2575523
1100101;11000
2575524
1100101;11011
2575527
1100101;10100
2575520
1100101;10011
2575519
1100101;10110
2575522
1100101;10010
2575518
1100101;11101
2575529
1100101;11011
2575527
1100101;10000
2575516
1100100;100100
2550036
1100010;110000
2499048
1100010;101101
2499045
1100010;101011
2499043
1100010;100100
2499036
1100010;11100
2499028
1100010;111111
2499063
1100001;100011
2473535
1100000;111000
2448056
1100000;0
244800
1011110;100
239704
1011101;110001
2371549
1011100;1011
2346011
1011010;1000
229508
1011000;111101
2244061
1010101;100001
2167533
1010010;110010
2091050
1001111;110000
2014548
1001100;100010
1938034
1001001;100100
1861536
1000110;110101
1785053
1000100;11101
1734029
1000010;11000
1683024
1000000;11100
1632028
111110;110111
1581055
111101;11
155553
111101;101111
1555547
111101;111001
1555557
111110;1110
1581014
111110;101000
1581040
111110;101110
1581046
111110;1101
1581013
111100;100111
1530039
111001;11011
1453527
110101;10111
1351523
110000;110001
1224049
101100;1111
1122015
100111;101010
994542
100011;1001
89259
11110;110111
765055
11010;100111
663039
10110;110
56106
10000;111100
408060
1011;101100
280544
110;101010
153042
1;110000
25548
11111100;1000
-12768
11110110;101110
-280646
11110001;100001
-408133
11101100;101101
-535645
11100111;111010
-663158
11100011;10000
-765116
11011110;10111
-892623
11011001;11100
-1020128
11010100;1110
-1147614
11001111;1000
-127518
11001010;110
-140266
11000101;101100
-1530144
11000001;11011
-1632127
10111101;10000
-1734116
10111000;11
-186163
10110100;101100
-1963644
10110000;101010
-2065642
10101101;10001
-2142117
10101010;11010
-2218626
10100111;110001
-2295149
10100101;100001
-2346133
10100011;101000
-2397140
10100010;10000
-2422616
10100001;101010
-2448142
10100010;1
-242261
10100010;110110
-2422654
10100011;100011
-2397135
10100100;110
-237166
10100100;1011
-2371611
10100100;111
-237167
10100100;11
-237163
10100011;111011
-2397159
10100100;0
-237160
10100100;1010
-2371610
10100100;11
-237163
10100100;11
-237163
10100100;110
-237166
10100100;1010
-2371610
10100100;1000
-237168
10100011;111101
-2397161
10100011;111101
-2397161
10100011;111011
-2397159
10100100;110
-237166
10100110;111110
-2320662
10100111;100111
-2295139
10101000;111101
-2269661
10101001;11111
-2244131
10101010;11100
-2218628
10101011;111001
-2193157
10101101;110010
-2142150
10110000;0
-206560
10110010;100001
-2014633
10110101;10110
-1938122
10111000;11000
-1861624
10111011;100001
-1785133
10111110;110101
-1708653
11000010;100001
-1606633
11000110;110
-150466
11001001;100000
-1428132
11001100;10101
-1351621
11001110;101011
-1300643
11010000;101
-124965
11010011;11110
-1173130
11010110;10100
-1096620
11011001;10011
-1020119
11011100;111101
-943661
11100001;10000
-816116
11100110;10000
-688616
11101011;110001
-561149
11110001;11001
-408125
11110110;111011
-280659
11111011;101100
-153144
11111111;11100
-51128
10;100000
51032
101;100101
127537
1000;110000
204048
1100;11101
306029
10000;10101
408021
10100;1111
510015
11000;1110
612014
11100;11001
714025
100000;1010
816010
100011;110111
892555
100111;101011
994543
101011;101000
1096540
101111;111000
1198556
110100;1011
1326011
111000;100101
1428037
111101;11
155553
1000001;10111
1657523
1000101;101000
1759540
1001001;110001
1861549
1001101;100000
1963532
1010000;110011
2040051
1010011;11001
2116525
1010101;111100
2167560
1011000;100001
2244033
1011011;1011
2320511
1011110;1010
2397010
1100001;10100
2473520
1100100;10001
2550017
1100110;110101
2601053
1100111;101110
2626546
1100111;1011
2626511
1100101;110101
2575553
1100100;110110
2550054
1100101;1110
2575514
1100100;100110
2550038
1100100;11010
2550026
1100100;100001
2550033
1100100;100101
2550037
1100100;100000
2550032
1100100;100000
2550032
1100100;101111
2550047
1100110;110110
2601054
1100111;111111
2626563
1100110;0
260100
1100110;10001
2601017
1100011;110000
2524548
1100011;110000
2524548
1100011;110000
2524548
1100011;101101
2524545
1100011;10111
2524523
1100010;111010
2499058
1100001;111100
2473560
1100000;110011
2448051
1011111;1111
2422515
1011101;101101
2371545
1011100;111110
2346062
1011010;1111
2295015
1011000;1100
2244012
1001111;111110
2014562
1000110;110110
1785054
1000111;11110
1810530
1001001;100
186154
1001010;111
188707
1001011;100011
1912535
1001110;111100
1989060
1010010;10110
2091022
1010101;111001
2167557
1010111;10011
2218519
1010110;110010
2193050
1010110;11101
2193029
1010110;1111
2193015
1010101;100010
2167534
1010100;10110
2142022
1010010;110110
2091054
1010000;111100
2040060
1001011;10000
1912516
1000110;110010
1785050
1000010;1001
168309
111110;111001
1581057
111001;1100
1453512
110100;100111
1326039
110001;1010
1249510
101110;111100
1173060
101011;100
109654
101001;111110
1045562
100111;10001
994517
100101;110111
943555
100100;1101
918013
100011;1100
892512
100011;10101
892521
100100;111
91807
100100;110110
918054
100101;110011
943551
100110;100000
969032
100110;110010
969050
100110;111010
969058
100110;101100
969044
100100;11000
918024
100010;100010
867034
100001;110000
841548
100001;11010
841526
100001;101110
841546
100010;10000
867016
100010;111110
867062
100011;100000
892532
100011;101101
892545
100011;101101
892545
100011;101000
892540
100011;101011
892543
100011;101011
892543
100011;100101
892537
100011;101000
892540
100011;100011
892535
100011;101100
892544
100011;100010
892534
100011;100110
892538
100011;101000
892540
100011;100100
892536
100011;101010
892542
100011;100101
892537
100011;100111
892539
100011;110010
892550
100011;101101
892545
100011;101001
892541
100011;100100
892536
100011;101011
892543
100011;100101
892537
100011;101101
892545
100011;101000
892540
100011;101000
892540
100011;110010
892550
100011;101100
892544
100011;101101
892545
100011;101001
892541
100011;101001
892541
100011;101001
892541
100011;101100
892544
100011;101100
892544
100011;100110
892538
100011;110000
892548
100011;101101
892545
100011;101010
892542
100011;100100
892536
100011;100101
892537
100011;101000
892540
100011;101100
892544
100011;100000
892532
100011;100011
892535
100011;101101
892545
100011;101011
892543
100011;100011
892535
100011;101010
892542
100011;101100
892544
100011;100011
892535
100011;100110
892538
100011;101110
892546
100011;101100
892544
100011;101000
892540
100011;110000
892548
100011;100111
892539
100011;110001
892549
100011;101001
892541
100011;101100
892544
100011;101001
892541
100011;101000
892540
100011;101010
892542
100011;101010
892542
100011;101001
892541
100011;101101
892545
100011;101001
892541
100011;100011
892535
100011;101010
892542
100011;101100
892544
100011;100101
892537
100011;100111
892539
100011;100111
892539
100011;101000
892540
100011;101101
892545
100011;100111
892539
100011;101011
892543
100011;101010
892542
100011;100001
892533
100011;101000
892540
100011;100110
892538
100011;101001
892541
100011;101001
892541
100011;101000
892540
100011;101111
892547
100011;100010
892534
100011;101011
892543
100011;110001
892549
100011;101010
892542
100011;101000
892540
100011;100101
892537
100011;101010
892542
100011;101011
892543
100011;101101
892545
100011;101111
892547
100011;101010
892542
100011;100101
892537
100011;100111
892539
100011;101000
892540
100011;101000
892540
100011;100101
892537
100011;11111
892531
100011;101001
892541
100011;101101
892545
100011;101001
892541
100011;101001
892541
100011;101100
892544
100011;101110
892546
100011;110000
892548
100011;101100
892544
100011;100101
892537
100011;101111
892547
100011;101000
892540
100011;101010
892542
100011;100110
892538
100011;101101
892545
100011;100001
892533
100011;100011
892535
100011;101010
892542
100011;100111
892539
100011;101000
892540
100011;101011
892543
1