=~=~=~=~=~=~=~=~=~=~=~= PuTTY log 2019.10.28 13:29:35 =~=~=~=~=~=~=~=~=~=~=~=
100011;101101
892545
94541
101001;110001
1045549
100111;100000
994532
100111;1010
994510
011
1045559
100111;111100
994560
100111;101001
994541
101001;110001
1045549
100111;100000
994532
100111;1010
994510
Serial OK
I2C Scanner
I2C scanner. Scanning ...
Found address: 66 (0x42)
Done.
Found 1 device(s).
100111;11100
994528
100111;1111
994515
101000;110100
1020052
100011;10
89252
101000;111
102007
101000;100011
1020035
100111;101
99455
101000;0
102000
101001;110100
1045552
101001;11
104553
101000;100010
1020034
101001;111010
1045558
100111;11100
994528
101001;11010
1045526
101000;10111
1020023
101001;111111
1045563
101000;11011
1020027
100111;110
99456
101001;111100
1045560
100111;10
99452
100110;111100
969060
101000;1
102001
101000;111001
1020057
100111;100010
994534
100110;11011
969027
101010;10010
1071018
101001;101110
1045546
110001;10100
1249520
110001;111010
1249558
110010;100110
1275038
110111;11110
1402530
111001;11010
1453526
111011;101010
1504542
111010;10011
1479019
111010;1110
1479014
111100;10000
1530016
111100;100111
1530039
111101;100110
1555538
111111;10101
1606521
1000000;101111
1632047
1000001;100101
1657537
1000001;100110
1657538
1000000;110001
1632049
1000011;101111
1708547
1000011;100000
1708532
1000100;111110
1734062
1000111;11100
1810528
1001001;10100
1861520
1001101;10111
1963523
1010000;110111
2040055
1010101;111011
2167559
1011000;110000
2244048
1011001;1111
2269515
1100000;11110
2448030
1011111;10100
2422520
1101001;1011
2677511
1101000;1010
2652010
1101100;10001
2754017
1110011;10101
2932521
1110110;101
300905
1111111;11100
3238528
10001100;1100
-2983612
10001111;110000
-2907148
10010110;1001
-272869
10011001;1111
-2652115
10011101;11100
-2550128
10100011;111100
-2397160
10100101;100011
-2346135
10100110;10010
-2320618
10101101;111111
-2142163
10110010;111111
-2014663
10111100;0
-175960
11001001;10110
-1428122
11010001;100111
-1224139
11011110;10
-89262
11100100;110111
-739655
11110000;101000
-433640
11110100;11
-33163
11111110;1011
-76611
100;110110
102054
1010;101000
255040
10001;11110
433530
11010;1110
663014
100100;110111
918055
101001;111010
1045558
101111;100101
1198537
110101;110111
1351555
111010;100000
1479032
1000000;1111
1632015
1000111;100110
1810538
1001010;111001
1887057
1001111;111110
2014562
1010110;10
219302
1100001;11101
2473529
1100111;10111
2626523
1110000;11101
2856029
1110110;10011
3009019
1111101;111010
3187558
10000000;1110
3264014
10000110;1
-313661
10001011;111101
-3009161
10010000;1111
-2881615
10010111;1011
-2703111
10100011;100110
-2397138
10101001;110
-224416
10110001;110000
-2040148
10111011;11
-178513
11000001;111000
-1632156
11000111;111111
-1479163
11001010;110100
-1402652
11010001;101101
-1224145
11011001;100010
-1020134
11100001;10010
-816118
11101101;0
-51010
11110101;10100
-306120
11111111;11011
-51127
110;111100
153060
1110;110100
357052
10010;110001
459049
10110;101111
561047
11001;1000
63758
11100;100101
714037
100100;110
91806
101111;10011
1198519
110110;1010
1377010
111011;111
150457
1000001;10011
1657519
1001000;1010
1836010
1001011;111
191257
1010000;10110
2040022
1011000;111101
2244061
1011010;101
229505
1100001;11111
2473531
1101000;10101
2652021
1110001;101110
2881546
1111100;11110
3162030
10000011;110011
-3213151
10001110;100101
-2932637
10010111;110000
-2703148
10011101;111110
-2550162
10100011;100
-239714
10100110;110001
-2320649
10101110;11111
-2116631
10110001;11100
-2040128
10111001;111011
-1836159
10111111;100
-168314
11001001;111111
-1428163
11010110;100111
-1096639
11011110;110101
-892653
11100101;100000
-714132
11101001;10
-61212
11110000;100110
-433638
11110000;1000
-43368
11110000;1111
-433615
11110100;100010
-331634
11111101;10111
-102123
111;1100
178512
1101;10101
331521
10010;111101
459061
11010;11110
663030
100010;110100
867052
101000;100111
1020039
101100;101110
1122046
101110;101011
1173043
110100;11000
1326024
110110;11101
1377029
111010;110010
1479050
1000000;11110
1632030
1000101;111010
1759558
1001011;111001
1912557
1010000;110001
2040049
1010101;111
216757
1011001;0
226950
1011100;101110
2346046
1100010;11010
2499026
1100011;1101
2524513
1100110;1110
2601014
1100100;110
255006
1100110;101111
2601047
1100101;11000
2575524
1101000;100000
2652032
1100111;101100
2626544
1100101;111011
2575559
1100101;11
257553
1100101;100001
2575533
1100011;110111
2524555
1100011;11100
2524528
1100100;110110
2550054
1100100;111011
2550059
1100101;111110
2575562
1100011;110110
2524554
1100100;110001
2550049
1100011;1101
2524513
1100110;10000
2601016
1100101;111100
2575560
1100101;110011
2575551
1101000;110001
2652049
1100101;11101
2575529
1100011;10100
2524520
1100011;11100
2524528
1100100;111110
2550062
1100010;11100
2499028
1100100;111110
2550062
1100010;10010
2499018
1100010;111000
2499056
1100101;110111
2575555
1100000;101100
2448044
1100011;111000
2524556
1100001;100100
2473536
1100011;111
252457
1011111;10010
2422518
1100000;101110
2448046
1100010;11111
2499031
1011110;101101
2397045
1011111;11101
2422529
1011101;11101
2371529
1011100;110
234606
1011000;1
224401
1011000;111011
2244059
1010100;0
214200
1010100;0
214200
1010001;110010
2065550
1001110;110110
1989054
1010000;1100
2040012
1001010;101010
1887042
1001010;101100
1887044
1000110;101010
1785042
1000010;110100
1683052
1000000;100100
1632036
111100;11001
1530025
111001;110011
1453551
110101;110111
1351555
110100;110
132606
110000;101001
1224041
101110;11110
1173030
101011;101001
1096541
101010;111001
1071057
101000;1110
1020014
100100;111001
918057
100010;100010
867034
11111;11011
790527
11011;101
68855
10111;100111
586539
10101;100
53554
1110;111110
357062
1011;111
28057
110;111101
153061
101;111000
127556
0;10111
023
11111100;111111
-127663
11110111;101111
-255147
11110101;111001
-306157
11101001;100
-61214
11100111;11111
-663131
11011110;110
-89266
11010110;10000
-1096616
11001110;100111
-1300639
11001010;110100
-1402652
11000001;111001
-1632157
10111010;10111
-1810623
10111000;11000
-1861624
10110010;10011
-2014619
10101101;11111
-2142131
10101110;100010
-2116634
10101001;100
-224414
10101011;111100
-2193160
10101011;110111
-2193155
10101110;100101
-2116637
10101100;110100
-2167652
10101101;11100
-2142128
10101011;11011
-2193127
10101010;100110
-2218638
10101111;111001
-2091157
10101101;11100
-2142128
10101111;11100
-2091128
10101110;110110
-2116654
10101101;10001
-2142117
10101101;111101
-2142161
10110010;110100
-2014652
10110011;1101
-1989113
10110110;101101
-1912645
10110111;110011
-1887151
10111010;100011
-1810635
10111110;1011
-1708611
11000011;110111
-1581155
11001000;110110
-1453654
11001100;11000
-1351624
11010000;111
-124967
11010101;110
-112216
11010111;110
-107116
11011101;111110
-918162
11011101;10111
-918123
11100000;100001
-841633
11100001;1010
-816110
11100110;10
-68862
11100110;110011
-688651
11100111;11111
-663131
11101010;11100
-586628
11101101;101110
-510146
11110001;110001
-408149
11110100;110111
-331655
11111100;11101
-127629
100;1101
102013
1010;100100
255036
10001;100
43354
10011;1111
484515
11000;1100
612012
11011;101101
688545
100001;10010
841518
101000;110111
1020055
101100;10011
1122019
110010;101101
1275045
110101;1
135151
111010;10
147902
111111;1110
1606514
1000101;101100
1759544
1001001;10011
1861519
1010001;101010
2065542
1010111;1110
2218514
1011110;11011
2397027
1100010;10010
2499018
1100110;1111
2601015
1101100;1101
2754013
1110000;110011
2856051
1110001;100001
2881533
1111000;101100
3060044
1111100;10111
3162023
10000100;111000
-3187656
10001010;10110
-3034622
10010000;111010
-2881658
10011000;100100
-2677636
10011101;111110
-2550162
10100010;111011
-2422659
10101001;101110
-2244146
10101110;100100
-2116636
10110101;100001
-1938133
10111010;10100
-1810620
10111010;111011
-1810659
11000000;11100
-1657628
11000011;10111
-1581123
11001000;11000
-1453624
11001101;11001
-1326125
11010011;101
-117315
11011010;100110
-994638
11011111;11111
-867131
11011111;101111
-867147
11100011;100001
-765133
11100001;100
-81614
11100001;111011
-816159
11100001;110011
-816151
11011110;11
-89263
11100001;0
-81610
11011101;100110
-918138
11011110;11010
-892626
11011101;100110
-918138
11011101;11101
-918129
11011111;110011
-867151
11011001;10011
-1020119
11011100;11101
-943629
11010111;100111
-1071139
11010111;10010
-1071118
11010100;101111
-1147647
11010100;110
-114766
11010001;101010
-1224142
11010000;1
-124961
11001110;1111
-1300615
11001010;101110
-1402646
11000101;101100
-1530144
11000001;1011
-1632111
10111111;111000
-1683156
10111010;11011
-1810627
10111000;101100
-1861644
10110111;1000
-188718
10110011;100101
-1989137
10101101;11111
-2142131
10101010;100011
-2218635
10100111;10000
-2295116
10100111;11011
-2295127
10100001;101101
-2448145
10100011;10111
-2397123
10100011;101000
-2397140
10100001;1000
-244818
10100000;100011
-2473635
10011110;111111
-2524663
10011011;111110
-2601162
10011001;10010
-2652118
10010110;101
-272865
10011001;0
-265210
10011001;1100
-2652112
10011000;0
-267760
10010111;11110
-2703130
10010111;111101
-2703161
10011000;1110
-2677614
10010110;1011
-2728611
10010111;11
-270313
10010100;101101
-2779645
10010010;11100
-2830628
10010000;111101
-2881661
10001101;10101
-2958121
10001001;1100
-3060112
10000010;1000
-323868
1111111;101111
3238547
1111000;11110
3060030
1110010;101110
2907046
1101101;110101
2779553
1101010;10010
2703018
1100111;10110
2626522
1100000;10011
2448019
1011100;10001
2346017
1011001;1110
2269514
1010011;1000
211658
1001110;10
198902
1001100;1011
1938011
1001010;1110
1887014
1000111;101001
1810541
1000101;101010
1759542
1000100;100010
1734034
1000011;10100
1708520
1000100;10010
1734018
1000101;111011
1759559
1000011;100010
1708534
1000101;100101
1759537
1000110;111101
1785061
1000110;110000
1785048
1000110;10010
1785018
1000011;100110
1708538
1000011;110001
1708549
1000000;1011
1632011
111100;100001
1530033
111010;100110
1479038
110100;11100
1326028
110000;100011
1224035
101011;11110
1096530
100101;10111
943523
100001;0
84150
11101;110111
739555
11011;111111
688563
10110;100
56104
10100;1010
510010
10100;101
51005
10000;11110
408030
10000;100101
408037
1100;11011
306027
1000;111111
204063
1;101011
25543
11111100;110110
-127654
11110001;11101
-408129
11100111;11011
-663127
11100000;1110
-841614
11011110;1001
-89269
11010111;101100
-1071144
11001110;111101
-1300661
11001000;101000
-1453640
11000011;1000
-158118
11000010;100
-160664
10111110;101011
-1708643
10111010;111011
-1810659
10111100;101101
-1759645
10110110;110000
-1912648
10110111;1010
-1887110
10101111;111010
-2091158
10101101;1
-214211
10101011;111110
-2193162
10101000;110101
-2269653
10100110;111110
-2320662
10100100;11
-237163
10101000;110000
-2269648
10101001;110110
-2244154
10101010;110
-221866
10101100;110100
-2167652
10101101;111
-214217
10101111;101010
-2091142
10110001;11001
-2040125
10110011;1011
-1989111
10110111;1110
-1887114
10111001;110011
-1836151
10111111;110010
-1683150
11000010;100111
-1606639
11001000;11101
-1453629
11001110;1101
-1300613
11010100;100100
-1147636
11011001;111001
-1020157
11011011;100011
-969135
11011101;110100
-918152
11011111;10
-86712
11100001;10
-81612
11100110;1001
-68869
11101001;110011
-612151
11101000;0
-63760
11101101;1100
-510112
11110001;101010
-408142
11110010;11110
-382630
11111000;101010
-229642
0;1001
09
101;111101
127561
1100;110
30606
1100;110101
306053
10010;11110
459030
10110;11
56103
10110;1011
561011
11100;101100
714044
100010;100111
867039
100110;101100
969044
101011;10010
1096518
101100;10
112202
110001;111011
1249559
110101;110011
1351551
111010;101
147905
111100;10001
1530017
1000010;11110
1683030
1000101;1010
1759510
1001000;111010
1836058
1001011;10110
1912522
1001111;101001
2014541
1010001;10011
2065519
1010010;111
209107
1010111;11110
2218530
1010110;11000
2193024
1011010;100111
2295039
1011101;101011
2371543
1011101;0
237150
1100001;110101
2473553
1100010;100100
2499036
1100101;1101
2575513
1100011;1001
252459
1101000;101100
2652044
1101010;10001
2703017
1101010;100110
2703038
1101101;111011
2779559
1110000;10001
2856017
1110010;11100
2907028
1110100;100111
2958039
1110100;101011
2958043
1110100;11101
2958029
1110100;111011
2958059
1110101;11000
2983524
1110011;1000
293258
1110100;111111
2958063
1110011;111
293257
1110101;100000
2983532
1110010;10101
2907021
1110010;111111
2907063
1110010;111001
2907057
1110001;101110
2881546
1110010;10100
2907020
1110001;111011
2881559
1110010;101110
2907046
1110011;110010
2932550
1110101;10100
2983520
1110011;100
293254
1110000;100010
2856034
1110011;11000
2932524
1110010;110111
2907055
1110011;10101
2932521
1110101;110001
2983549
1110001;1
288151
1110010;10000
2907016
1110001;110
288156
1110011;1001
293259
1110011;110101
2932553
1110011;11011
2932527
1110001;1100
2881512
1110011;1100
2932512
1110010;110010
2907050
1110001;111011
2881559
1110010;1100
2907012
1110000;11011
2856027
1110001;101011
2881543
1110011;100101
2932537
1110100;11000
2958024
1110010;110
290706
1110100;110111
2958055
1110011;11
293253
1110010;111010
2907058
1110010;11010
2907026
1110001;1100
2881512
1110011;111110
2932562
1110001;101110
2881546
1110010;101110
2907046
1110000;1111
2856015
1110011;111111
2932563
1110100;100010
2958034
1110010;100
290704
1110010;1100
2907012
1110010;10
290702
1110000;10100
2856020
1110011;100000
2932532
1110011;1000
293258
1110010;1000
290708
1110010;100101
2907037
1110001;1110
2881514
1110001;101101
2881545
1110011;10000
2932516
1110010;101011
2907043
1110001;111111
2881563
1110000;110110
2856054
1110011;10
293252
1110011;11011
2932527
1110000;111111
2856063
1110011;10111
2932523
1110001;100111
2881539
1110010;10001
2907017
1110010;110010
2907050
1110100;11100
2958028
1110001;100
288154
1110000;10100
2856020
1110000;110000
2856048
1110010;11001
2907025
1110010;1011
2907011
1110011;110010
2932550
1110011;1001
293259
1110100;111001
2958057
1110001;11011
2881527
1110001;10
288152
1110010;10111
2907023
1110001;110001
2881549
1110100;1101
2958013
1110011;110000
2932548
1110010;101
290705
1110010;100101
2907037
1110011;110011
2932551
1110001;110101
2881553
1110001;110
288156
1110000;100100
2856036
1110011;10001
2932517
1110010;110011
2907051
1110010;111011
2907059
1110001;110011
2881551
1110001;111100
2881560
1110001;101001
2881541
1110011;101110
2932546
1110001;111111
2881563
1110010;111011
2907059
1110001;0
288150
1110010;101101
2907045
1110010;110001
2907049
1110010;100001
2907033
1110011;1100
2932512
1110010;100100
2907036
1110010;111001
2907057
1110010;110101
2907053
1110010;101111
2907047
1110010;11001
2907025
1110010;100101
2907037
1110010;10
290702
1110010;10111
2907023
1110011;11
293253
1110010;11101
2907029
1110011;101000
2932540
1110001;10110
2881522
1110001;10000
2881516
1110010;110101
2907053
1110001;1100
2881512
1110010;11
290703
1110010;1100
2907012
1110100;10001
2958017
1110001;100000
2881532
1110001;11011
2881527
1110011;100000
2932532
1110010;11100
2907028
1110010;11101
2907029
1110011;100100
2932536
1110011;10011
2932519
1110010;111011
2907059
1110010;110001
2907049
1110011;110001
2932549
1110001;101001
2881541
1110000;10111
2856023
1110101;110101
2983553
1110100;101101
2958045
1110000;101011
2856043
1110011;100000
2932532
1110010;1111
2907015
1110000;11110
2856030
1110001;10111
2881523
1110001;110010
2881550
1110011;10100
2932520
1110001;100000
2881532
1110010;111011
2907059
1110011;101000
2932540
1