=~=~=~=~=~=~=~=~=~=~=~= PuTTY log 2019.10.28 13:31:57 =~=~=~=~=~=~=~=~=~=~=~=
1110011;110
293256
060
1011011;11111
2320531
1011101;100001
2371533
1011101;1011
2371511
1011011;11011
2320527
71558
1011100;111100
2346060
1011011;11111
2320531
1011101;100001
2371533
1011101;1011
2371511
1011011;11011
2320527
71558
1011100;111100
2346060
1011011;11111
2320531
1011101;100001
2371533
1011101;1011
2371511
1011011;11011
2320527
Serial OK
I2C Scanner
I2C scanner. Scanning ...
Found address: 66 (0x42)
Done.
Found 1 device(s).
1011001;110110
2269554
1011100;11101
2346029
1011011;101011
2320543
1011010;100110
2295038
1011011;111
232057
1011100;10100
2346020
1011011;11101
2320529
1011100;1111
2346015
1011010;101100
2295044
1011011;1111
2320515
1011011;110111
2320555
1011101;110010
2371550
1011101;110010
2371550
1011011;101111
2320547
1011100;1010
2346010
1011011;1011
2320511
1011110;1111
2397015
1011010;101
229505
1011110;11111
2397031
1011100;1111
2346015
1011100;1101
2346013
1011100;11100
2346028
1011110;11101
2397029
1011101;110
237156
1011011;101110
2320546
1011101;11011
2371527
1011011;101000
2320540
1011001;100100
2269536
1011011;110110
2320554
1011011;101
232055
1011110;10010
2397018
1011011;100
232054
1011011;11101
2320529
1011011;110010
2320550
1011011;11101
2320529
1011100;1010
2346010
1011101;11011
2371527
1011100;11011
2346027
1011101;11000
2371524
1011011;111101
2320561
1011100;11110
2346030
1011101;111011
2371559
1011101;110010
2371550
1011100;100101
2346037
1011110;110100
2397052
1011101;101011
2371543
1011011;1
232051
1011010;101010
2295042
1011101;100001
2371533
1011010;11011
2295027
1011100;110011
2346051
1011011;10001
2320517
1001011;10111
1912523
11101;111000
739556
10111001;100
-183614
111010;10001
1479017
10111000;101100
-1861644
111010;10110
1479022
10110110;10100
-1912620
111000;111101
1428061
10110110;100000
-1912632
111001;101
145355
10110101;10111
-1938123
110111;100011
1402535
10110101;100011
-1938135
110111;11100
1402528
10110010;110010
-2014650
110111;110001
1402549
10110010;0
-201460
110110;10111
1377023
10110010;11011
-2014627
110110;10111
1377023
10110000;1110
-2065614
110100;1
132601
10110001;1
-204011
110111;100100
1402536
10110000;11111
-2065631
111001;110101
1453553
10101111;110100
-2091152
110110;100000
1377032
10101110;111010
-2116658
110011;1101
1300513
10101111;10010
-2091118
110001;10110
1249522
10101011;111100
-2193160
110010;10011
1275019
10101101;111011
-2142159
110001;111
124957
10101010;11111
-2218631
110001;101111
1249547
10101011;10110
-2193122
110000;100
122404
10101001;10100
-2244120
110010;110011
1275051
10101100;11001
-2167625
101111;10110
1198522
10101000;111000
-2269656
101101;1011
1147511
10101000;10001
-2269617
101100;1001
112209
10100110;10101
-2320621
101100;110111
1122055
10101000;100010
-2269634
101100;1
112201
10100110;100001
-2320633
101011;110000
1096548
10100100;110101
-2371653
101010;110000
1071048
10100100;111110
-2371662
101000;101010
1020042
10100110;101101
-2320645
110000;100
122404
10110011;100110
-1989138
1000011;11011
1708527
11001101;10001
-1326117
1011100;100101
2346037
11110001;11111
-408131
10000010;101001
-3238641
11111;11010
790526
10110100;101100
-1963644
1001110;11011
1989027
11101110;110011
-484651
10001000;101110
-3085646
110000;1001
122409
11010000;101
-124965
1110101;100000
2983532
100101;101110
943546
11001001;110001
-1428149
1110011;101110
2932546
101010;10100
1071020
11010110;101100
-1096644
10000111;101
-311115
1000001;100110
1657538
11111001;101000
-204140
10101111;110
-209116
1101001;11111
2677531
101101;11101
1147529
11101010;11100
-586628
10100111;101000
-2295140
1101010;100101
2703037
110011;10000
1300516
11111100;11001
-127625
11000001;101110
-1632146
10001101;100110
-2958138
1011010;10111
2295023
101100;111110
1122062
1;11011
25527
11010000;111100
-1249660
10100100;111100
-2371660
1111010;100110
3111038
1010101;100011
2167535
110101;1111
1351515
10100;101011
510043
11101101;10100
-510120
11001101;111011
-1326159
10101111;11010
-2091126
10010001;11001
-2856125
1111010;1000
311108
1100010;1111
2499015
1001011;100101
1912537
111000;1011
1428011
101000;111001
1020057
10111;101010
586542
11;100010
76534
11110101;111
-30617
11101001;111010
-612158
11011100;101111
-943647
11010101;110000
-1122148
11001010;11111
-1402631
11000010;11001
-1606625
10111111;111011
-1683159
10111010;11001
-1810625
10110101;110110
-1938154
10110011;101100
-1989144
10110101;11111
-1938131
10110100;101100
-1963644
10110100;1110
-1963614
10110110;11010
-1912626
10110110;110011
-1912651
10110101;0
-193810
10110111;10001
-1887117
10110111;100000
-1887132
10110111;10000
-1887116
10110111;10110
-1887122
10110111;110110
-1887154
10110111;110001
-1887149
10110101;110110
-1938154
10110110;11
-191263
10110111;10100
-1887120
10110100;100110
-1963638
10111000;101000
-1861640
10111000;11
-186163
10110111;11
-188713
10110100;11
-196363
10110101;111
-193817
10110101;100100
-1938136
10111000;11001
-1861625
10110110;110001
-1912649
10111001;100
-183614
10110110;101000
-1912640
10111000;101
-186165
10110101;111110
-1938162
10111001;111100
-1836160
10110110;0
-191260
10110110;100101
-1912637
10111001;0
-183610
10110111;100100
-1887136
10110110;111100
-1912660
10110110;111000
-1912656
10110111;101110
-1887146
10110110;110001
-1912649
10110111;10001
-1887117
10111010;11011
-1810627
10110111;110110
-1887154
10110111;101101
-1887145
10110111;100100
-1887136
10110111;10001
-1887117
10111000;1100
-1861612
10110101;100001
-1938133
10110111;1111
-1887115
10110111;10111
-1887123
10110111;110010
-1887150
10110111;101000
-1887140
10110111;1001
-188719
10110110;10110
-1912622
10111000;111011
-1861659
10110110;10000
-1912616
10111000;1000
-186168
10110101;11
-193813
10110111;110000
-1887148
10111000;1010
-1861610
10110101;101110
-1938146
10111000;0
-186160
10110101;110
-193816
10111000;110110
-1861654
10101011;1100
-2193112
1110110;101011
3009043
11110;101010
765042
10011100;1011
-2575611
100010;101010
867042
10011000;11000
-2677624
11110;10100
765020
10011000;110100
-2677652
11111;101110
790546
10010110;1000
-272868
11111;1
79051
10011000;10000
-2677616
11111;111110
790562
10011000;11111
-2677631
11110;11011
765027
10011000;10001
-2677617
11101;10101
739521
10010110;111111
-2728663
11110;101111
765047
10010101;101110
-2754146
11001;10111
637523
10010100;100111
-2779639
11001;111110
637562
10010011;111101
-2805161
11010;10001
663017
10010101;1001
-275419
11010;111010
663058
10010011;10011
-2805119
11001;11101
637529
10010001;101100
-2856144
10111;10110
586522
10010001;1011
-2856111
11000;1001
61209
10001111;10110
-2907122
11000;11
61203
10010010;101111
-2830647
11001;110010
637550
10010010;101111
-2830647
10110;111010
561058
10010000;111101
-2881661
10110;111110
561062
10001110;0
-293260
10110;0
56100
10001111;101111
-2907147
11000;10101
612021
10010110;1110
-2728614
100010;11010
867026
10101000;11
-226963
111001;101100
1453544
11000010;111011
-1606659
1010011;100101
2116537
11101001;100001
-612133
1111011;110011
3136551
11000;110101
612053
10101011;110101
-2193153
1001101;100001
1963533
11101010;111100
-586660
10000111;10001
-3111117
101111;100101
1198537
11001100;10000
-1351616
1110100;101110
2958046
100101;110100
943552
11001010;110110
-1402654
1110110;11001
3009025
101000;101010
1020042
11011000;11110
-1045630
10001001;110101
-3060153
1000100;1011
1734011
11111100;101011
-127643
10110001;110010
-2040150
1101101;101111
2779547
110010;11100
1275028
11101111;101010
-459142
10110000;101000
-2065640
1110010;111110
2907062
111100;110110
1530054
1000;110001
204049
11001010;111011
-1402659
10011000;11110
-2677630
1100101;11001
2575525
111001;110111
1453555
1101;10010
331518
11011110;100011
-892635
10110001;10111
-2040123
10001000;100010
-3085634
1100001;10
247352
1000001;11110
1657530
100010;1110
867014
0;111110
062
11011110;111000
-892656
10111111;110100
-1683152
10100011;10000
-2397116
10001011;100110
-3009138
1110011;11100
2932528
1100000;1
244801
1001100;11
193803
111011;10011
1504519
101011;10100
1096520
11001;1110
637514
1110;10001
357017
10;1100
51012
11110100;1101
-331613
11101010;111111
-586663
11100001;111110
-816162
11011001;100110
-1020138
11010101;110101
-1122153
11010001;10011
-1224119
11001110;110101
-1300653
11001010;10011
-1402619
11001010;11000
-1402624
11001010;100001
-1402633
11001101;111000
-1326156
11001011;10000
-1377116
11001100;1
-135161
11001010;101
-140265
11001101;101000
-1326140
11001110;101111
-1300647
11001101;101110
-1326146
11001110;100010
-1300634
11001101;111011
-1326159
11001101;11
-132613
11001010;1010
-1402610
11001100;1100
-1351612
11001100;110
-135166
11001011;101000
-1377140
11001110;101110
-1300646
11001101;11
-132613
11001110;11011
-1300627
11001101;1000
-132618
11001100;110110
-1351654
11001110;11011
-1300627
11001110;100100
-1300636
11001100;10001
-1351617
11001101;1111
-1326115
11001010;101
-140265
11001100;111110
-1351662
11001100;100001
-1351633
11001100;11
-135163
11001011;10010
-1377118
11001101;1101
-1326113
11001100;10001
-1351617
11001100;10111
-1351623
11001011;110
-137716
11001100;101101
-1351645
11001100;11
-135163
11001100;10111
-1351623
11001101;110011
-1326151
11001011;101100
-1377144
11001101;101
-132615
11001011;11010
-1377126
11001100;1010
-1351610
11001101;10100
-1326120
11001100;111011
-1351659
11001011;10110
-1377122
10111010;111110
-1810662
10001100;101011
-2983643
1000111;10101
1810521
11100100;10111
-739623
1100110;101101
2601045
11001000;101
-145365
1000;1001
20409
101001;101010
1045542
101111;100110
1198538
110000;11100
1224028
110010;101111
1275047
101111;1100
1198512
110001;110
124956
110001;110010
1249550
110011;101000
1300540
101110;111111
1173063
101111;110011
1198551
110000;110
122406
110010;110010
1275050
110001;100101
1249537
110000;101001
1224041
101110;11010
1173026
110000;11101
1224029
101110;111011
1173059
101101;101
114755
101110;1
117301
110000;100
122404
110001;111
124957
110000;10
122402
110000;11
122403
110011;11100
1300528
110001;111
124957
110100;10110
1326022
110011;101101
1300545
110011;110010
1300550
110011;1
130051
110011;0
130050
110100;111010
1326058
110011;10001
1300517
110100;101011
1326043
110100;1001
132609
110100;1000
132608
110100;11001
1326025
110111;1101
1402513
110101;100000
1351532
110101;1000
135158
111000;11100
1428028
111000;1111
1428015
111110;100
158104
1000101;1101
1759513
1001100;1101
1938013
1010010;10101
2091021
1011011;100000
2320532
1100001;11001
2473525
1100101;111110
2575562
1100100;11001
2550025
1100111;111110
2626562
1101111;101010
2830542
1111000;101100
3060044
10000110;111011
-3136659
10010111;111001
-2703157
10100110;1111
-2320615
10111011;111
-178517
11001001;100011
-1428135
11001011;111100
-1377160
11001010;111101
-1402661
11001010;10010
-1402618
11001110;111010
-1300658
11010101;101010
-1122142
11011011;1001
-96919
11101001;10
-61212
11111110;11000
-76624
10000;101001
408041
100011;11
89253
111011;111100
1504560
1001111;101101
2014545
1100111;110111
2626555
10000101;101101
-3162145
10100101;11
-234613
11001010;10010
-1402618
11110010;111100
-382660
11101;111001
739557
1000011;101001
1708541
1101010;1011
2703011
10011011;111001
-2601157
11001101;10110
-1326122
110;101010
153042
111100;101100
1530044
1101111;1100
2830512
10101010;11110
-2218630
11101011;100101
-561137
101110;11111
1173031
1101011;101001
2728541
10110000;110100
-2065652
11111100;101111
-127647
1000011;1011
1708511
10001100;101010
-2983642
11011101;100011
-918135
110001;101
124955
1111100;111101
3162061
11010011;100010
-1173134
101110;101111
1173047
10000011;110000
-3213148
11100011;100000
-765132
1000010;111
168307
10100000;10011
-2473619
1000;110001
204049
1101010;111100
2703060
11010010;110001
-1198649
111111;1111
1606515
10100111;1110
-2295114
11101;11
73953
10001010;1101
-3034613
1;111101
25561
1110011;1001
293259
11101110;11
-48463
1100101;10011
2575519
11100110;110111
-688655
1100000;111010
2448058
11100100;1011
-739611
1100100;11100
2550028
11101110;1
-48461
1110100;100000
2958032
0;1010
010
10001000;111001
-3085657
100010;100110
867038
10100111;100111
-2295139
111111;100001
1606533
11010000;111011
-1249659
1100111;100010
2626534
11;11000
76524
10011001;111001
-2652157
111100;10101
1530021
11010111;110001
-1071149
1111000;111010
3060058
100010;11
86703
11000011;100100
-1581136
1101001;10011
2677519
11100;101010
714042
11000010;10010
-1606618
1101011;111100
2728560
100110;101100
969044
11010100;111010
-1147658
10001000;111
-308567
1000010;100001
1683033
11111110;10110
-76622
10110010;100111
-2014639
1101110;111101
2805061
110011;10110
1300522
11110001;11101
-408129
10110001;11101
-2040129
1110100;101110
2958046
1000000;100010
1632034
1010;101100
255044
11010011;111000
-1173156
10011100;100100
-2575636
1101011;110001
2728549
111110;101000
1581040
10101;111000
535556
11100111;1010
-663110
10111010;110101
-1810653
10001111;111
-290717
1101100;11011
2754027
1001000;1
183601
101100;100
112204
1100;100
30604
11101010;10100
-586620
11001000;1000
-145368
10101101;10010
-2142118
10010011;110111
-2805155
1111101;11111
3187531
1100110;110111
2601055
1010010;101101
2091045
1000001;110101
1657553
110011;101111
1300547
100100;1011
918011
10111;11110
586530
111;111000
178556
11111100;10100
-127620
11110001;1101
-408113
11101010;10001
-586617
11100011;11010
-765126
11011010;101100
-994644
11010110;100111
-1096639
11010001;1
-122411
11010000;110011
-1249651
11001100;11
-135163
11001101;10011
-1326119
11001101;10110
-1326122
11001110;111101
-1300661
11001110;101010
-1300642
11001111;1
-127511
11001110;101101
-1300645
11001110;111111
-1300663
11001100;111010
-1351658
11001110;1001
-130069
11001101;10110
-1326122
11010001;1011
-1224111
11001111;10110
-1275122
11001101;11011
-1326127
11001101;11001
-1326125
11001110;11000
-1300624
11001101;111101
-1326161
11001100;101
-135165
11001111;11110
-1275130
11001110;110
-130066
11001110;111111
-1300663
11001110;100100
-1300636
11001111;101000
-1275140
11010000;11001
-1249625
11001110;10101
-1300621
11001100;101000
-1351640
11001110;100101
-1300637
11001110;111101
-1300661
11001101;111001
-1326157
11001111;11101
-1275129
11001111;10011
-1275119
11001110;100011
-1300635
11001110;111010
-1300658
11001100;1110
-1351614
11001111;111101
-1275161
11001111;1101
-1275113
11001110;101001
-1300641
11001110;111001
-1300657
11010001;101111
-1224147
11001100;11110
-1351630
11010000;111001
-1249657
11001111;1001
-127519
11010000;100011
-1249635
11010001;100011
-1224135
11001101;111001
-1326157
11001100;1101
-1351613
11001101;111001
-1326157
11010000;0
-124960
11010000;1110
-1249614
11001110;1110
-1300614
11001101;101111
-1326147
11001111;110011
-1275151
11010000;11011
-1249627
11001111;111010
-1275158
11001110;10000
-1300616
11001110;11000
-1300624
11001111;110101
-1275153
11001110;100
-130064
11001110;10111
-1300623
11001100;110101
-1351653
11001111;111
-127517
11001111;10011
-1275119
11001101;100011
-1326135
11001111;111
-127517
11001110;1111
-1300615
11001100;101100
-1351644
11001111;10100
-1275120
11010001;111001
-1224157
11001111;10111
-1275123
11001110;1
-130061
11010000;1101
-1249613
11001111;11011
-1275127
11001110;10111
-1300623
11001111;11011
-1275127
11001111;101010
-1275142
11001110;1010
-1300610
11001111;10001
-1275117
11001100;101100
-1351644
11001111;10101
-1275121
11001110;1
-130061
11010000;100
-124964
11010001;11101
-1224129
11010000;11110
-1249630
11001101;11110
-1326130
11001111;10101
-1275121
11001100;111100
-1351660
11001100;111010
-1351658
11001100;111101
-1351661
11001111;1101
-1275113
11010000;111100
-1249660
11010000;1100
-1249612
11001011;11111
-1377131
11001101;10100
-1326120
11001101;101
-132615
11001010;101
-140265
11001000;1101
-1453613
11000111;110111
-1479155
11000110;101000
-1504640
11010010;111
-119867
11100100;100110
-739638
11101111;100111
-459139
11111101;11111
-102131
1001;110100
229552
1011;110010
280550
110;1
15301
10000;110011
408051
1011;1010
280510
1010;110
25506
10010;111101
459061
10111;11110
586530
10111;101010
586542
10010;101100
459044
10001;11010
433526
100;1101
102013
10011;10100
484520
10001;1001
43359
1110;10000
357016
11011;10010
688518
10111;11110
586530
1101;1111
331515
1111;100001
382533
10111;10101
586521
10001;100001
433533
1000;11000
204024
1111;10100
382520
11010;101010
663042
10100;10111
510023
10111;101111
586547
1011;100
28054
10010;11010
459026
10010;1000
45908
10000;1111
408015
10101;1111
535515
10100;0
51000
11101;110000
739548
11010;101100
663044
10000;110101
408053
10001;1110
433514
11000;101011
612043
100010;1111
867015
10010;11011
459027
10001;11010
433526
1000;10110
204022
11001;111100
637560
10101;111100
535560
111;11
17853
10101;1101
535513
10010;101000
459040
1000;1010
204010
10111;1010
586510
10111;1010
586510
1000;110101
204053
1100;11101
306029
11001;101111
637547
10001;11110
433530
10101;11010
535526
10010;10000
459016
1011;111000
280556
10001;11101
433529
1101;111100
331560
1101;100
33154
11010;10110
663022
10011;1000
48458
11011;101010
688542
10000;111001
408057
11011;101111
688547
11001;11100
637528
1110;10010
357018
10001;10110
433522
100011;100010
892534
11000;1010
612010
11111;10011
790519
10100;11100
510028
11111;100100
790536
10101;110010
535550
11010;1000
66308
11111;10100
790520
1011;111101
280561
11110;11000
765024
1101;110011
331551
10101;10110
535522
1000;100
20404
1000;110111
204055
100111;1011
994511
11001;111100
637560
110;111100
153060
11110;111011
765059
11101;110001
739549
11011;111010
688558
10001;1
43351
1111;100100
382536
1111;111000
382556
10111;11100
586528
11100;101
71405
10101;11111
535531
100110;111101
969061
11011;11010
688526
11111111;1000
-5118
100001;11010
841526
10010;111110
459062
11110;101100
765044
1100;111
30607
1111;110101
382553
11101110;1
-48461
100010;11010
867026
1;101001
25541
11100;0
71400
101;110010
127550
100001;111000
841556
1101;100111
331539
11110;10011
765019
10000;111101
408061
11101;10011
739519
1000;10011
204019
10111;1111
586515
10101;101100
535544
10011;1001
48459
10101;100100
535536
10100;0
51000
11100;101101
714045
11101;10101
739521
1010;110111
255055
11111;101100
790544
10111;100100
586536
10000;100001
408033
10010;101101
459045
10110;110101
561053
11110101;11011
-306127
11001;10101
637521
1001;0
22950
10100;10010
510018
11111111;101001
-51141
100000;100010
816034
100010;1110
867014
1110;100
35704
1000;11110
204030
11110;101111
765047
11111011;100000
-153132
11101;110011
739551
10010;110001
459049
11100;111010
714058
11111110;1
-7661
10010;101001
459041
100111;10111
994523
11100;1010
714010
1100;110101
306053
11000;1010
612010
11110111;1
-25511
101101;10011
1147519
10111;111110
586562
11001;11110
637530
1111;11101
382529
100000;1
81601
1000;11
20403
10110;1
56101
11101011;111001
-561157
100110;111111
969063
11011;111
68857
11100;100010
714034
11110;110001
765049
100010;100111
867039
10111;111100
586560
1111;11101
382529
11111111;110101
-51153
10110;10010
561018
10101;101
53555
11110;1110
765014
11000;110100
612052
11110;101111
765047
1101;111001
331557
11010;101000
663040
10110;110010
561050
11001;101111
637547
1110;10000
357016
100001;10000
841516
11101;110001
739549
100000;100
81604
11100;100111
714039
10001;100100
433536
10101;100100
535536
11000;10011
612019
100000;1
81601
10000;101
40805
110000;100111
1224039
10010;1100
459012
1000;1001
20409
100011;10011
892519
1100;100
30604
11110;100
76504
10110;110010
561050
11110;100
76504
10001;1000
43358
100001;10101
841521
10000;111000
408056
100000;10110
816022
1110;1101
357013
10010;101001
459041
10001;10100
433520
10100;101010
510042
101;11
12753
11111;100111
790539
100;100001
102033
100011;1111
892515
101;10100
127520
100000;110111
816055
1010;101111
255047
11000;110
61206
1001;110011
229551
10100;10101
510021
10011;1
48451
10011;100000
484532
11111001;111100
-204160
10111;101
58655
10101;1001
53559
10010;11001
459025
100011;1101
892513
1110;11110
357030
100001;110100
841552
1100;110111
306055
100000;101101
816045
10101;110101
535553
11110;100001
765033
100001;10101
841521
110;11000
153024
10001;111110
433562
11101;1011
739511
1111;100001
382533
10111;11010
586526
100000;10001
816017
10000;100100
408036
100011;101111
892547
11000;111000
612056
100110;111
96907
11001;101011
637543
11000;10
61202
100000;10100
816020
11100;1
71401
11101;101110
739546
11011;101100
688544
11101;1010
739510
1110;110110
357054
10110;100
56104
100100;11011
918027
10010;111110
459062
1110;1101
357013
10100;101000
510040
10010;100001
459033
10110;111010
561058
11000;1
61201
11100;11110
714030
11100011;1111
-765115
1011;110001
280549
11010;110010
663050
1111;11010
382526
11001;111110
637562
11101;101010
739542
11100;111100
714060
100000;110010
816050
11111001;11101
-204129
100010;110010
867050
10000;100100
408036
10001;1111
433515
11111;1100
790512
10010;111011
459059
10101;111011
535559
11010;110
66306
11101;101100
739544
100010;110101
867053
10100;10110
510022
11010;111000
663056
11100;1010
714010
1100;110100
306052
101001;101000
1045540
10101;1
53551
10010;100001
459033
10101;111
53557
11011;0
68850
11100;111011
714059
10100;1000
51008
10110;110101
561053
100001;101010
841542
1111;100100
382536
100010;1000
86708
11011;1
68851
11101;10100
739520
11101;1000
73958
11011;101101
688545
110010;1
127501
1000;111100
204060
100010;100000
867032
11000;100
61204
11111111;0
-5110
100110;110101
969053
100011;110100
892552
11101;111011
739559
11101;10011
739519
100101;110101
943553
100011;1000
89258
100001;1111
841515
10010;1000
45908
10111;111000
586556
100;11000
102024
100010;101001
867041
11101;111011
739559
100000;11001
816025
11111;1
79051
1111;111110
382562
10011;1
48451
1100;1110
306014
111;101111
178547
1110;100101
357037
11111;1101
790513
10010;101010
459042
10101;110011
535551
10100;11100
510028
10011;1
48451
10101;111
53557
10;110011
51051
10101;1000
53558
10111;111101
586561
100000;111010
816058
11111111;100100
-51136
10001;10011
433519
100100;1011
918011
100100;111011
918059
11000;111001
612057
10001;110111
433555
101100;1
112201
1111;10101
382521
10111;10011
586519
1100;111000
306056
100000;111000
816056
11011;11101
688529
11011;1110
688514
10111;10
58652
100011;11010
892526
10010;101101
459045
11011;10000
688516
10110;1
56101
11011;111110
688562
100;1
10201
100001;11000
841524
100000;110111
816055
100000;110001
816049
10110;101010
561042
10110;1
56101
11110;1101
765013
100001;1
84151
11100;110100
714052
10111;111110
586562
10100;110101
510053
11011;1
68851
100001;1010
841510
11110;11110
765030
11011;100
68854
11010;11110
663030
100000;101001
816041
11;100111
76539
11001;1
63751
11111;110101
790553
10111;111000
586556
100011;111000
892556
1010;100100
255036
100100;110001
918049
11000;111110
612062
1111;100100
382536
100011;10000
892516
10011;11111
484531
100000;11110
816030
10111;111111
586563
100110;10
96902
10011;111
48457
10110;100010
561034
101101;101011
1147543
1111;11000
382524
11111111;110101
-51153
10011;1010
484510
10000;10010
408018
100001;10111
841523
10100;1010
510010
100010;1
86701
10110;110111
561055
100000;100111
816039
0;11000
024
101101;1
114751
100;110100
102052
1100;110100
306052
1110;110110
357054
10110;11110
561030
10101;100101
535537
10000;1
40801
1001;110110
229554
11011;111110
688562
10110;110101
561053
100010;1101
867013
1010;11
25503
10111;100011
586535
100000;111000
816056
11010;101000
663040
1001;11111
229531
1111;1101
382513
11000;100111
612039
11100;110101
714053
1111;111011
382559
1010;10000
255016
1101;101110
331546
10010;100011
459035
11100;1
71401
10111;111011
586559
10110;100
56104
1101;110110
331554
101100;10000
1122016
11010;1
66301
100101;11010
943526
11010;101010
663042
100000;110101
816053
110;101011
153043
10101;101011
535543
100010;1
86701
11111;110111
790555
10011;111110
484562
10111;111000
586556
10100;11100
510028
11001;10110
637522
10;100000
51032
11001;100
63754
10000;110000
408048
10110;101011
561043
10110;110101
561053
11111110;11
-7663
10100;10001
510017
10111;101111
586547
10100;110110
510054
110;11
15303
110;100100
153036
10100;101000
510040
1010;100101
255037
10011;11000
484524
10101;110011
535551
1001;111101
229561
11000;110100
612052
1111;111110
382562
1100;11100
306028
100000;110111
816055
10110;110010
561050
100;1111
102015
1110;1101
357013
1101;111110
331562
100011;1
89251
10111;0
58650
10010;100001
459033
10110;10011
561019
101110;100100
1173036
1111;1011
382511
10111;101010
586542
1110;10000
357016
10101;101001
535541
10111;100010
586534
10010;11010
459026
1101;100
33154
10111;101011
586543
110;11000
153024
111;111101
178561
100011;101010
892542
11000;110
61206
10011;100111
484539
10011;100100
484536
11011;100100
688536
10111;10101
586521
10010;11110
459030
101110;111000
1173056
11111110;111101
-76661
10010;100101
459037
11110;101010
765042
10000;111001
408057
100001;100100
841536
100001;100010
841534
100100;101110
918046
100001;1
84151
0;10100
020
10101;1101
535513
10010;101110
459046
100011;1
89251
10000;100111
408039
100000;11011
816027
11110;11011
765027
11110;1010
765010
11101;1
73951
10101;11011
535527
100011;100111
892539
11010;1
66301
1100;111
30607
0;110111
055
11100;1001
71409
1010;100110
255038
11110;110101
765053
10110;100111
561039
11000;0
61200
1101;11110
331530
1110;1
35701
10111;100001
586533
11011;1111
688515
11001;100
63754
11100;100
71404
11010;1
66301
100110;100
96904
1010;100101
255037
101000;10000
1020016
100000;1000
81608
100001;11110
841530
11100;1
71401
101001;10100
1045520
100000;1010
816010
10110;100
56104
10101;11010
535526
10100;1101
510013
10111;101110
586546
11000;110110
612054
11010;10101
663021
11100;100111
714039
100101;11110
943530
0;100100
036
11001;100111
637539
11110;111110
765062
11101;0
73950
100101;10101
943521
1101;11011
331527
100111;111011
994559
100001;1
84151
1000;101110
204046
11000;1000
61208
100110;10100
969020
10011;101111
484547
1101;110011
331551
10100;11011
510027
10111;111110
586562
1100;100101
306037
100000;110111
816055
10000;100001
408033
1000;101011
204043
101;100101
127537
11000;1111
612015
11000;111110
612062
11001;1000
63758
100001;110000
841548
11111;1
79051
100100;100100
918036
1101;1
33151
111;111100
178560
11001;100100
637536
10011;1010
484510
10100;100000
510032
10001;0
43350
1100;110101
306053
10010;111011
459059
101;110101
127553
110001;110111
1249555
100000;1
81601
11111101;101100
-102144
11000;10101
612021
101;1
12751
11010;101101
663045
10011;1000
48458
100011;10101
892521
1010;111011
255059
11001;10110
637522
1111;10000
382516
11100;11011
714027
11100;111010
714058
1000;111111
204063
10010;1001
45909
10000;1
40801
10100;11011
510027
11101;111101
739561
10100;10101
510021
10100;101111
510047
10011;1100
484512
11110;111000
765056
100101;101
94355
11101;110
73956
100000;11101
816029
100000;100001
816033
10011;101101
484545
1111;1
38251
10101;1
53551
100011;11001
892525
1110;110011
357051
101;110010
127550
1100;101011
306043
10110;10111
561023
11010;101011
663043
10010;101011
459043
11010;110101
663053
10111;11000
586524
11011;111110
688562
10110;10011
561019
110;100010
153034
10010;11000
459024
100000;1110
816014
111;10010
178518
10010;111000
459056
10111;110100
586552
10011;1
48451
10010;111000
459056
1010;1001
25509
11011;10011
688519
10000;100100
408036
11;101
7655
10000;1100
408012
10000;110100
408052
10110;111101
561061
100000;111100
816060
10001;10011
433519
10100;1101
510013
1100;111011
306059
1001;10101
229521
1001;111010
229558
11111110;111101
-76661
101001;111110
1045562
1100;111000
306056
10111;10110
586522
1111;1
38251
11010;11011
663027
10110;11101
561029
11001;1
63751
11100;110001
714049
1101;1010
331510
10100;10111
510023
1;100011
25535
10010;100001
459033
1100;11011
306027
10001;100
43354
10000;0
40800
11011;111000
688556
1010;110111
255055
11111110;1000
-7668
10000;101100
408044
10110;1001
56109
100110;110
96906
10010;0
45900
100110;1100
969012
111;100111
178539
1101;110011
331551
11100;100001
714033
11001;101111
637547
10110;11000
561024
100010;100001
867033
10111;1
58651
10101;110110
535554
111010;110101
1479053
10110;0
56100
10100;110111
510055
100011;10011
892519
10010;110101
459053
10101;110010
535550
111;101
17855
1111;111
38257
11101;1010
739510
10011;11
48453
11000;11010
612026
10001;101001
433541
101010;1100
1071012
11011;1110
688514
1100;110
30606
1110;110100
357052
100011;110001
892549
10101;100001
535533
10111;110101
586553
10010;100101
459037
10000;111
40807
11;111101
76561
10110;1011
561011
100011;1
89251
10111;110
58656
100001;10011
841519
10000;10010
408018
1001;1001
22959
10010;110111
459055
10100;11011
510027
1011;100
28054
11101;11000
739524
11111100;101101
-127645
110101;1100
1351512
1000;1
20401
11110;1001
76509
10111;1
58651
11000;100100
612036
11100;101111
714047
100000;110111
816055
11001;10101
637521
11001;100100
637536
1000000;1
163201
1010;110000
255048
11111100;1
-12761
10000;100001
408033
10111;111110
586562
101;101111
127547
10001;111000
433556
11010;110110
663054
1000;111000
204056
10101;111110
535562
10010;1000
45908
10000;110100
408052
1101;1101
331513
1100;11
30603
101011;110101
1096553
100010;10111
867023
101;1010
127510
1110;1
35701
11101;11
73953
101000;101101
1020045
11001;110111
637555
11000;1010
612010
100000;1111
816015
100000;10011
816019
10111;10101
586521
100000;10000
816016
1101;111011
331559
1101;111
33157
100011;1
89251
10111;100101
586537
10100;111
51007
110;10101
153021
100000;1100
816012
11100;111110
714062
10010;1010
459010
10111;111100
586560
11001;100101
637537
10111;11
58653
101000;1
102001
11111001;11
-20413
1101;10101
331521
100000;111100
816060
1111;101011
382543
100001;111110
841562
100010;1010
867010
11101;111100
739560
10110;111001
561057
11100;10000
714016
11001;110010
637550
11100;1101
714013
100000;110101
816053
101001;100111
1045539
100011;110001
892549
10110;1101
561013
10101;0
53550
10110;111
56107
101000;10010
1020018
10011;100100
484536
110;110100
153052
11110;11010
765026
10110;1101
561013
1;111101
25561
10010;10011
459019
10111;110011
586551
100111;101101
994545
11011;110001
688549
10011;101111
484547
100000;11110
816030
10100;100001
510033
11111;10010
790518
11100;11000
714024
11011;110111
688555
10001;110111
433555
10111;10100
586520
100011;111
89257
10010;100111
459039
10111;100100
586536
11101;111100
739560
11010;1011
663011
11010;110111
663055
11000;10010
612018
100010;110110
867054
10111;101100
586544
100101;101101
943545
11100;100101
714037
100110;100011
969035
11001;11000
637524
100010;10011
867019
10011;1110
484514
11100;101010
714042
11100;11000
714024
11011;11010
688526
10110;111010
561058
1000000;111100
1632060
11011;110100
688552
100110;10010
969018
10000;111101
408061
111010;101
147905
11001;1111
637515
1110;101101
357045
1101;111000
331556
101101;111110
1147562
10011;11000
484524
111010;100111
1479039
11000;1111
612015
111101;11000
1555524
1111;100010
382534
101000;11000
1020024
100100;100000
918032
110001;110111
1249555
11000;101110
612046
110100;10101
1326021
11010;10001
663017
111101;10
155552
1101;11
33153
111011;111001
1504557
100;111110
102062
1010011;101101
2116545
1111;110101
382553
1010010;101010
2091042
111;10110
178522
111010;1
147901
10101;110000
535548
1100010;1111
2499015
10;110000
51048
1010111;1101
2218513
100;11100
102028
1011100;10
234602
11;100001
76533
1100011;111110
2524562
11;101111
76547
1010001;100
206554
11111111;101100
-51144
10;111101
51061
111;11011
178527
110;101010
153042
11111000;10111
-229623
11111111;11000
-51124
1111101;11111
3187531
11111110;11101
-76629
1111101;100110
3187538
11111110;110
-7666
10000000;101011
3264043
11111011;100011
-153135
1111101;110000
3187548
11111010;10011
-178619
1111010;11
311103
11111011;10110
-153122
1111011;1111
3136515
11111000;111110
-229662
1111001;11111
3085531
11111000;111
-22967
1111000;11
306003
11110100;100111
-331639
1110111;110010
3034550
11110111;1000
-25518
1111000;11011
3060027
11110101;10100
-306120
1111000;110111
3060055
11110111;100111
-255139
1110100;10101
2958021
11110101;111101
-306161
1110011;111001
2932557
11110011;100111
-357139
1110000;111100
2856060
11110011;101
-35715
1110000;110010
2856050
11110001;111001
-408157
1110000;10001
2856017
11101110;101101
-484645
1101110;101
280505
11101111;100110
-459138
1101110;11010
2805026
11110000;110000
-433648
1101110;100100
2805036
11101101;110111
-510155
1101011;10100
2728520
11101011;101111
-561147
1101110;0
280500
11101011;110010
-561150
1110111;100001
3034533
11100111;101011
-663143
10001110;1111
-2932615
11101101;110001
-510149
10011111;10010
-2499118
11110001;1111
-408115
10011111;10011
-2499119
11110011;1000
-35718
10101011;101010
-2193142
1000;110100
204052
10111010;101
-181065
11011;1
68851
11000000;101000
-1657640
101100;101101
1122045
11001111;110111
-1275155
101010;1011
1071011
11010111;101100
-1071144
100111;100001
994533
11111010;111001
-178657
100010;110000
867048
11000;1111
612015
100001;1
84151
11100;101011
714043
101101;110010
1147550
1110;1101
357013
100000;100100
816036
10011;11000
484524
11101;1100
739512
10010;10011
459019
100101;10101
943521
11100;1100
714012
101100;111000
1122056
101100;111100
1122060
10101;110
53556
10111;111000
586556
101011;111110
1096562
100110;10101
969021
101010;100001
1071033
10001;100
43354
11011;1001
68859
10101;111100
535560
11000;10111
612023
10010;111100
459060
10111;1010
586510
1110;110111
357055
10000;10000
408016
10110;10000
561016
11100;111
71407
11010;110101
663053
10101;100010
535534
10010;10000
459016
1100;110100
306052
11111;1
79051
100011;1000
89258
1000;110
20406
100011;1
89251
1100;1101
306013
100000;1
81601
11101;100101
739537
10001;100001
433533
101010;0
107100
1110;10010
357018
10010;11000
459024
1001;110101
229553
1010;110
25506
1101;10111
331523
11001;110111
637555
1010;111
25507
11110;1101
765013
10110;100100
561036
10111;1
58651
10110;101110
561046
100011;100010
892534
10010;100100
459036
100100;110010
918050
100111;1
99451
1000;101101
204045
1000;10011
204019
101;100100
127536
10011;110
48456
10111;11010
586526
101000;1
102001
10111;110001
586549
101010;1010
1071010
10000;10110
408022
10100;110111
510055
11101;100111
739539
11001;1010
637510
11101;11011
739527
100111;100100
994536
1111;101101
382545
1001;100011
229535
10011;100111
484539
10111;100
58654
11110;1110
765014
10111;100111
586539
10001;110001
433549
10010;101110
459046
100011;1110
892514
1011;110101
280553
10100;10
51002
100000;10000
816016
11111011;11000
-153124
100111;100010
994534
1011;110101
280553
10110;100100
561036
10110;1111
561015
100101;11110
943530
111;100100
178536
1000;11101
204029
11000;11101
612029
10000;110100
408052
10000;110000
408048
11100;100001
714033
100100;1111
918015
10101;100000
535532
10111;1010
586510
10000;1111
408015
11001;100100
637536
11111001;111000
-204156
10001;111100
433560
101000;110001
1020049
10010;110111
459055
10111;111
58657
11101;1101
739513
10110;111011
561059
10010;11110
459030
10000;101010
408042
10010;1100
459012
101;110
12756
10100;111110
510062
10001;111
43357
11001;111100
637560
10111;111000
586556
10011;10101
484521
101010;101111
1071047
100001;111011
841559
10111;110010
586550
11011;100001
688533
110;111110
153062
10010;100100
459036
101010;11110
1071030
1011;110110
280554
10001;110101
433553
100101;110001
943549
100110;111100
969060
11000;10000
612016
11100;10101
714021
101000;100111
1020039
100010;10111
867023
11100;11111
714031
110;1001
15309
10101;110
53556
1111;101011
382543
11101;100010
739534
100101;101011
943543
100110;101101
969045
11101;1111
739515
100010;11110
867030
11010;101010
663042
11100;111011
714059
1111;100100
382536
11001;101011
637543
1100;111
30607
100000;110111
816055
10000;111110
408062
1111;101111
382547
11111100;10101
-127621
11011;100
68854
11110;110101
765053
101;111011
127559
100000;11100
816028
1101;111
33157
101;111
12757
11111110;101111
-76647
1;100101
25537
10001;111100
433560
10111;10101
586521
11010;10011
663019
100000;111011
816059
1001;1110
229514
10011;100
48454
100001;1
84151
100010;101010
867042
1100;110001
306049
11011;100001
688533
11001;11000
637524
1101;111000
331556
1001;110
22956
10;1001
5109
100111;101100
994544
1101;11000
331524
11101;111001
739557
10100;110101
510053
10101;0
53550
100100;100111
918039
10110;101011
561043
11011;100100
688536
10001;101111
433547
11100;10100
714020
1000;110101
204053
1011;111101
280561
11111101;110
-10216
100;100011
102035
10001;111000
433556
100101;111011
943559
11100;10000
714016
1011;1111
280515
101000;10000
1020016
11000;110
61206
10010;11011
459027
10100;10110
510022
111001;10100
1453520
10001;11010
433526
100011;11000
892524
100011;110101
892553
1100;11001
306025
1010;11000
255024
1001;11010
229526
100000;10100
816020
1111;100100
382536
10110;111110
561062
11101;1000
73958
11101;100100
739536
1111;110011
382551
10011;10011
484519
110;101
15305
11101;110101
739553
10010;111010
459058
100010;10011
867019
100001;111001
841557
10111;110111
586555
11010;101011
663043
10011;110011
484551
1111;111
38257
1001;111000
229556
1101;100010
331534
10010;110010
459050
1010;110
25506
10100;110011
510051
101;101110
127546
1110;110011
357051
110;110010
153050
1101;10100
331520
11100;10001
714017
11010;111
66307
10001;100111
433539
100011;111110
892562
11000;0
61200
10011;1010
484510
10011;101111
484547
10101;1
53551
10011;110001
484549
1110;101011
357043
11100;1
71401
10101;111011
535559
11001;101111
637547
100000;1000
81608
11110;110000
765048
11110;100100
765036
10100;110111
510055
100110;100000
969032
100011;10011
892519
10011;111
48457
10000;10100
408020
101000;1000
102008
111;1111
178515
11101;101010
739542
101001;10
104552
101111;101010
1198542
100;100111
102039
110;11111
153031
1000;10111
204023
1010;1
25501
10101;1110
535514
101101;100111
1147539
1100;1100
306012
11101;110011
739551
1010;111100
255060
10001;110
43356
10111;11101
586529
100100;11101
918029
100;1
10201
11011;0
68850
101;0
12750
11001;101101
637545
10110;100000
561032
11001;111
63757
100011;10101
892521
1010;100001
255033
11;1000
7658
10111;111000
586556
1101;0
33150
10010;101
45905
1010;110001
255049
100100;100111
918039
11110;11110
765030
11010;111
66307
10111;11111
586531
10110;1
56101
10010;111
45907
1011;1100
280512
10010;111011
459059
101111;10101
1198521
10000;100
40804
1110;111110
357062
11010;0
66300
11001;110010
637550
100101;100100
943536
10111;110011
586551
11011;1010
688510
101000;110111
1020055
100001;111
84157
11001;110010
637550
11000;10111
612023
10100;10000
510016
10011;1
48451
11011;10111
688523
1111;1
38251
10001;110
43356
1110;111000
357056
1011;10011
280519
11110;10000
765016
11101;1011
739511
1011;111100
280560
10101;101001
535541
1100;10101
306021
100010;11110
867030
10111;100100
586536
10111;111010
586558
10110;100111
561039
11110;111001
765057
11011;101010
688542
100000;11000
816024
100010;100100
867036
10101;11011
535527
10010;110101
459053
110100;1
132601
11010;110000
663048
100100;1000
91808
100000;111110
816062
101010;10011
1071019
11101;111011
739559
10010;1010
459010
100110;1
96901
11110;110111
765055
101011;101101
1096545
101;111110
127562
11100;111110
714062
110001;11011
1249527
100001;100
84154
10001;10011
433519
11011;111000
688556
101010;111
107107
11010;101101
663045
11110001;110011
-408151
1100;110110
306054
11011011;11110
-969130
11000111;111011
-1479159
11000101;110110
-1530154
11000011;10101
-1581121
11000010;11011
-1606627
10111100;10011
-1759619
10110010;11011
-2014627
1111100;11110
3162030
1011100;111000
2346056
1011111;110011
2422551
1100001;11000
2473524
1100010;11
249903
1011110;1100
2397012
1011111;100111
2422539
1011011;11110
2320530
1100011;111001
2524557
1011010;100001
2295033
1001000;111
183607
1100111;10010
2626518
1011000;1101
2244013
1011100;101110
2346046
1100001;111001
2473557
1101000;11101
2652029
1100011;100111
2524539
1011111;10010
2422518
1010100;111
214207
1010101;101111
2167547
1101101;110000
2779548
1011000;100001
2244033
101101;11
114753
10000;110011
408051
1000;10011
204019
1011;1010
280510
10010;10100
459020
10111;110010
586550
10000;10011
408019
10010;100001
459033
11110;111000
765056
10;11100
51028
1100;110101
306053
11110;10011
765019
110;1000
15308
10010;1
45901
1;111
2557
11001;101
63755
11010;110011
663051
1100;1
30601
11100;111110
714062
10010;110100
459052
11000;101101
612045
1011;101111
280547
100000;110101
816053
10001;1011
433511
100110;110000
969048
10010;111100
459060
11100;1000
71408
100101;111
94357
11110;1001
76509
10110;110000
561048
10101;11010
535526
11100;11000
714024
11011;101011
688543
11111110;110110
-76654
11011;1
68851
11001;110111
637555
1011;10000
280516
11011;101011
688543
11000;1
61201
11100;10
71402
100000;11011
816027
1010;100100
255036
100000;111110
816062
1100;100110
306038
10100;101011
510043
110010;1110
1275014
10101;111
53557
101001;110011
1045551
11000;1001
61209
10100;110
51006
100001;110001
841549
1100;110
30606
10111;1010
586510
101;101111
127547
10100;101011
510043
10110;1
56101
10100;10010
510018
10001;100001
433533
10001;1000
43358
10001;1010
433510
1111;1110
382514
10101;110010
535550
11011;101101
688545
110000;101
122405
1000110;100001
1785033
1000010;1
168301
111101;101111
1555547
1001011;110010
1912550
1010001;1101
2065513
1001011;110000
1912548
1001101;10111
1963523
1001111;111011
2014559
1010000;11100
2040028
1010100;1110
2142014
1011110;101111
2397047
1101111;101011
2830543
1110111;10000
3034516
1111000;1111
3060015
1110111;110
303456
1111000;110111
3060055
1111000;1010
3060010
1110110;1111
3009015
1111010;100110
3111038
1111011;111101
3136561
1110111;100011
3034535
1111001;1011
3085511
1111001;11110
3085530
1111001;1111
3085515
1110111;110111
3034555
1111010;110010
3111050
1111001;111111
3085563
1111000;100000
3060032
1111010;11100
3111028
1111011;1010
3136510
1110100;1010
2958010
1111010;100110
3111038
1111000;11011
3060027
1111010;101010
3111042
1111010;110111
3111055
1110110;1011
3009011
1111011;100000
3136532
1110111;111101
3034561
1110101;10010
2983518
1111000;10001
3060017
1111000;111000
3060056
1111000;100110
3060038
1111010;110000
3111048
1111001;111000
3085556
1110110;10111
3009023
1111001;111101
3085561
1111001;1110
3085514
1110111;101101
3034545
1111000;100
306004
1111001;10111
3085523
1110111;110010
3034550
1111010;10011
3111019
1110110;11110
3009030
1111001;11001
3085525
1110111;10011
3034519
1111010;10001
3111017
1110111;10001
3034517
1110111;110000
3034548
1110111;11011
3034527
1111000;110101
3060053
1110110;1100
3009012
1111001;10
308552
1111001;1100
3085512
1111001;110011
3085551
1111001;10011
3085519
1111001;101100
3085544
1110111;1110
3034514
1110111;100
303454
1111001;1101
3085513
1111101;11110
3187530
1111000;1011
3060011
1110110;10000
3009016
1110111;11100
3034528
1110101;101001
2983541
1111010;11100
3111028
1110110;111010
3009058
1111000;111010
3060058
1111000;110101
3060053
1111100;111010
3162058
1111010;10110
3111022
1111010;100
311104
1110110;101011
3009043
1111000;1
306001
1111001;100110
3085538
1110110;110011
3009051
1111000;101010
3060042
1111010;100000
3111032
1110110;10110
3009022
1111001;10001
3085517
1111001;101011
3085543
1111000;100100
3060036
1111010;100011
3111035
1110111;110011
3034551
1111000;111
306007
1110111;11111
3034531
1110110;110011
3009051
1111000;10011
3060019
1111011;111
313657
1111001;10
308552
1111100;110110
3162054
1111000;11101
3060029
1111001;100101
3085537
1111000;100100
3060036
1110111;101001
3034541
1111100;10011
3162019
1111011;100111
3136539
1111001;1000
308558
1111010;100110
3111038
1111010;111010
3111058
1111001;1110
3085514
1110101;10111
2983523
1111001;100111
3085539
1111000;101
306005
1111010;100000
3111032
1111000;111110
3060062
1111100;101010
3162042
1111000;101111
3060047
1111010;10100
3111020
1111001;111110
3085562
1110110;110000
3009048
1111001;111111
3085563
1111101;100111
3187539
1110111;110011
3034551
1111001;10000
3085516
1110111;100100
3034536
1111000;10111
3060023
1111011;100111
3136539
1110111;100
303454
1110111;111101
3034561
1111001;100010
3085534
1110100;100100
2958036
1110111;10
303452
1111001;111
308557
1110110;101110
3009046
1111001;100010
3085534
1111000;111110
3060062
1110111;100110
3034538
1111001;11100
3085528
1111000;100010
3060034
1111100;10101
3162021
1110111;10011
3034519
1110111;101101
3034545
1111001;10111
3085523
1111000;100100
3060036
1110101;0
298350
1110111;100100
3034536
1110111;111011
3034559
1111000;101001
3060041
1110110;1101
3009013
1111000;10
306002
1110110;100011
3009035
1110110;1110
3009014
1111000;10101
3060021
1111001;100001
3085533
1111001;100
308554
1111011;10100
3136520
1111001;10101
3085521
1111000;110011
3060051
1111010;110
311106
1111000;10001
3060017
1110111;110101
3034553
1111000;10011
3060019
1110111;101100
3034544
1111001;111111
3085563
1111000;11011
3060027
1111000;1011
3060011
1110111;100
303454
1111001;110000
3085548
1111000;10011
3060019
1111011;111
313657
1111010;100111
3111039
1110111;110011
3034551
1111011;10010
3136518
1111001;101000
3085540
1111100;11101
3162029
1111010;110000
3111048
1110110;110010
3009050
1111000;100011
3060035
1110111;101
303455
1111000;0
306000
1111010;1100
3111012
1111001;11100
3085528
1110111;11001
3034525
1111000;110011
3060051
1111011;110110
3136554
1111001;10110
3085522
1111010;10101
3111021
1110101;111
298357
1111010;10001
3111017
1110100;101100
2958044
1111000;100
306004
1110111;10000
3034516
1111001;101010
3085542
1111010;100110
3111038
1111001;10100
3085520
1110110;101011
3009043
1110111;10010
3034518
1110110;100000
3009032
1111001;100001
3085533
1111001;111010
3085558
1110110;1101
3009013
1110111;110101
3034553
1111110;111111
3213063
1111001;10011
3085519
1111100;1111
3162015
1111010;11001
3111025
1111000;11101
3060029
1110100;101111
2958047
1110111;11011
3034527
1111001;11101
3085529
1111000;1101
3060013
1111000;1101
3060013
1111001;111111
3085563
1110111;101000
3034540
1110111;11
303453
1111010;110000
3111048
1111001;110001
3085549
1110110;11111
3009031
1111011;101101
3136545
1110111;100011
3034535
1111011;11100
3136528
1111011;111111
3136563
1111010;111101
3111061
1111010;10
311102
1111000;101011
3060043
1110111;110101
3034553
1111010;10000
3111016
1111011;110011
3136551
1110111;101000
3034540
1110110;111101
3009061
1111000;110011
3060051
1111000;100100
3060036
1111000;110
306006
1110111;101100
3034544
1110111;101100
3034544
1111001;111101
3085561
1111000;11100
3060028
1110110;110000
3009048
1111011;11100
3136528
1110111;100
303454
1110111;1101
3034513
1111000;1010
3060010
1111000;10
306002
1110101;110001
2983549
1111011;101111
3136547
1110110;111001
3009057
1111010;101010
3111042
1111000;10111
3060023
1111001;111110
3085562
1111100;101001
3162041
1111001;100001
3085533
1111010;1000
311108
1110101;111011
2983559
1110101;101111
2983547
1111000;10100
3060020
1111010;110
311106
1111010;111000
3111056
1111011;101110
3136546
1111001;10
308552
1111000;111001
3060057
1111010;111111
3111063
1110111;111000
3034556
1111000;101110
3060046
1110110;110111
3009055
1111010;1110
3111014
1110111;10101
3034521
1111001;10000
3085516
1111010;110000
3111048
1110100;11
295803
1111001;110111
3085555
1111001;100011
3085535
1111001;111
308557
1111011;10101
3136521
1111001;110011
3085551
1110111;1011
3034511
1111011;100
313654
1111000;100101
3060037
1111001;101110
3085546
1111010;111011
3111059
1110011;100010
2932534
1111010;110
311106
1111001;11011
3085527
1110110;100100
3009036
1110100;110100
2958052
1111010;101111
3111047
1111000;111000
3060056
1111010;110111
3111055
1110101;11100
2983528
1110111;1000
303458
1110110;101001
3009041
1111000;110110
3060054
1110111;11100
3034528
1110111;1001
303459
1111010;110110
3111054
1111011;101111
3136547
1110111;100011
3034535
1111000;111000
3060056
1111001;100001
3085533
1110111;101110
3034546
1110111;1110
3034514
1111001;111
308557
1111001;110101
3085553
1110111;111000
3034556
1111011;111001
3136557
1111000;100000
3060032
1111000;100101
3060037
1110111;111111
3034563
1110111;1000
303458
1111010;10
311102
1111001;110000
3085548
1111011;11110
3136530
1111000;111001
3060057
1110111;10111
3034523
1111010;100
311104
1111000;101110
3060046
1111001;101100
3085544
1110111;1001
303459
1111000;101001
3060041
1111010;100100
3111036
1111010;11011
3111027
1111001;110000
3085548
1110111;11110
3034530
1111001;111110
3085562
1111001;10000
3085516
1110111;101111
3034547
1111100;10000
3162016
1111010;111
311107
1110110;11000
3009024
1111001;100000
3085532
1111001;11011
3085527
1110111;110011
3034551
1110111;11100
3034528
1111001;111
308557
1111001;11010
3085526
1111010;1010
3111010
1110110;111111
3009063
1110101;1100
2983512
1111010;110
311106
1111001;100001
3085533
1111011;1001
313659
1111010;11110
3111030
1111001;11011
3085527
1111010;10010
3111018
1111100;100001
3162033
1111000;100010
3060034
1111001;1010
3085510
1111011;100111
3136539
1111000;10001
3060017
1111011;111001
3136557
1110101;110001
2983549
1110111;100010
3034534
1111000;111100
3060060
1111010;111
311107
1111010;11
311103
1110101;100111
2983539
1110111;100110
3034538
1110010;111
290707
1110110;11001
3009025
1111001;101011
3085543
1111000;101101
3060045
1111001;100110
3085538
1111001;110110
3085554
1110111;101
303455
1111001;111000
3085556
1111001;110100
3085552
1111001;111011
3085559
1111001;111
308557
1111001;10101
3085521
1111010;11110
3111030
1110111;100001
3034533
1111010;100
311104
1110110;1111
3009015
1110111;1001
303459
1110110;11
300903
1110111;11010
3034526
1111001;101
308555
1111000;110011
3060051
1111010;101101
3111045
1111000;10101
3060021
1111000;10100
3060020
1111001;110010
3085550
1111000;1011
3060011
1110110;11
300903
1111010;1110
3111014
1111000;111001
3060057
1111010;110001
3111049
1111010;11101
3111029
1111001;110
308556
1111010;11001
3111025
1110111;1011
3034511
1111011;111101
3136561
1111010;11001
3111025
1111000;101011
3060043
1111011;111001
3136557
1110111;10101
3034521
1111000;1100
3060012
1111010;11000
3111024
1111011;101101
3136545
1111011;111100
3136560
1110101;10011
2983519
1110111;110110
3034554
1110111;10000
3034516
1111010;100010
3111034
1111011;110101
3136553
1110111;101100
3034544
1111000;10111
3060023
1111001;1011
3085511
1111000;101010
3060042
1110111;100010
3034534
1111100;100111
3162039
1111010;10000
3111016
1111010;11001
3111025
1111000;0
306000
1110110;100010
3009034
1110100;11011
2958027
1110110;100
300904
1111000;11
306003
1110101;110000
2983548
1111001;11
308553
1110110;10111
3009023
1111010;1
311101
1111011;111
313657
1110101;0
298350
1110111;111
303457
1110111;1110
3034514
1111010;100001
3111033
1111001;110
308556
1111011;11000
3136524
1110110;100000
3009032
1111001;10011
3085519
1111000;11011
3060027
1110010;111100
2907060
1110111;110100
3034552
1110111;1101
3034513
1110110;11
300903
1110111;111011
3034559
1110100;101000
2958040
1111001;111
308557
1111001;111100
3085560
1111001;100111
3085539
1111010;11001
3111025
1111010;10101
3111021
1111010;11100
3111028
1110110;100
300904
1110110;11100
3009028
1111010;11011
3111027
1111001;10110
3085522
1110111;11
303453
1110110;11101
3009029
1110111;100010
3034534
1111011;10101
3136521
1111000;1001
306009
1111010;101101
3111045
1110101;101101
2983545
1110111;1100
3034512
1111000;10
306002
1110111;111
303457
1111101;111
318757
1110110;100111
3009039
1110101;10010
2983518
1111001;111101
3085561
1111010;1001
311109
1110101;111010
2983558
1111001;110110
3085554
1111000;101000
3060040
1111101;10000
3187516
1110111;11100
3034528
1110111;11111
3034531
1110110;111001
3009057
1111000;111011
3060059
1111010;111001
3111057
1111000;11010
3060026
1111010;11110
3111030
1110111;10010
3034518
1110111;101001
3034541
1110111;101
303455
1111010;10111
3111023
1111001;100100
3085536
1111100;11000
3162024
1111001;11011
3085527
1110101;100001
2983533
1111000;10011
3060019
1111011;100010
3136534
1110111;0
303450
1110111;110101
3034553
1111000;11010
3060026
1110111;11111
3034531
1111001;111110
3085562
1111000;10010
3060018
1111001;1001
308559
1111000;1110
3060014
1111100;110
316206
1111000;11011
3060027
1111001;111110
3085562
1111011;11101
3136529
1110110;111001
3009057
1110110;111111
3009063
1111000;11011
3060027
1110111;111101
3034561
1110111;110100
3034552
1111011;100101
3136537
1110111;11001
3034525
1111010;111010
3111058
1111010;1
311101
1111010;101111
3111047
1111010;11100
3111028
1111010;111101
3111061
1111001;1100
3085512
1111001;11011
3085527
1111001;10111
3085523
1111010;1001
311109
1111010;10001
3111017
1111001;10000
3085516
1111011;11110
3136530
1111001;100100
3085536
1111010;11101
3111029
1111011;100
313654
1111010;1011
3111011
1111001;11100
3085528
1111010;10010
3111018
1111010;110001
3111049
1111010;101101
3111045
1111010;100011
3111035
1111001;101100
3085544
1111000;111001
3060057
1110110;110001
3009049
1110011;100
293254
1110000;1011
2856011
1101111;101100
2830544
1101101;10000
2779516
1101100;101110
2754046
1101100;111011
2754059
1101100;111101
2754061
1101100;1101
2754013
1101011;101101
2728545
1101011;101001
2728541
1101011;11101
2728529
1101100;100
275404
1101011;101001
2728541
1101100;11010
2754026
1101100;10010
2754018
1101100;11110
2754030
1101100;101010
2754042
1101101;111111
2779563
1101101;1001
277959
1101101;1010
2779510
1101101;10001
2779517
1101101;11100
2779528
1101101;11110
2779530
1101101;110000
2779548
1101110;1110
2805014
1101110;100110
2805038
1101110;101011
2805043
1101111;1000
283058
1101111;1011
2830511
1101111;0
283050
1101111;1
283051
1101111;110
283056
1101111;110
283056
1101111;1001
283059
1101110;111001
2805057
1101111;1000
283058
1101111;10111
2830523
1110000;10100
2856020
1110001;1
288151
1110100;10101
2958021
1110110;10100
3009020
1110110;111101
3009061
1111000;110101
3060053
1111001;111100
3085560
1111010;101010
3111042
1111100;10001
3162017
1111110;11
321303
1111111;100000
3238532
10000000;1001
326409
10000000;11001
3264025
10000000;11001
3264025
10000000;11000
3264024
10000000;100001
3264033
10000000;100001
3264033
10000000;101010
3264042
10000001;11000
-3264124
10000001;110110
-3264154
10000001;110111
-3264155
10000001;110111
-3264155
10000001;111111
-3264163
10000010;1
-323861
10000010;11
-323863
10000001;111110
-3264162
10000010;111100
-3238660
10000001;0
-326410
10000010;10
-323862
10000001;111111
-3264163
10000010;100
-323864
10000010;1
-323861
10000010;111100
-3238660
10000010;110
-323866
10000001;111110
-3264162
10000010;0
-323860
10000010;100
-323864
10000010;100
-323864
10000010;110110
-3238654
10000011;110001
-3213149
10000011;111100
-3213160
10000011;111010
-3213158
10000011;0
-321310
10000100;111010
-3187658
10000011;111000
-3213156
10000011;111011
-3213159
10000011;111100
-3213160
10000100;111100
-3187660
10000100;100
-318764
10000011;111010
-3213158
10000011;111011
-3213159
10000011;111010
-3213158
10000011;111000
-3213156
10000011;111001
-3213157
10000011;111101
-3213161
10000100;111111
-3187663
10000011;111110
-3213162
10000011;111111
-3213163
10000011;111111
-3213163
10000011;111010
-3213158
10000011;0
-321310
10000011;110001
-3213149
10000011;11001
-3213125
10000010;110111
-3238655
10000010;1111
-3238615
10000001;101000
-3264140
10000001;101001
-3264141
10000001;100000
-3264132
10000001;100101
-3264137
10000001;100010
-3264134
10000001;100001
-3264133
10000001;100011
-3264135
10000001;100000
-3264132
10000001;100001
-3264133
10000001;100100
-3264136
10000001;11110
-3264130
10000001;100001
-3264133
10000001;100000
-3264132
10000001;100100
-3264136
10000001;100000
-3264132
10000001;100000
-3264132
10000001;100100
-3264136
10000001;100010
-3264134
10000001;11110
-3264130
10000001;11101
-3264129
10000001;101101
-3264145
10000001;110010
-3264150
10000001;111010
-3264158
10010000;1111
-2881615
100111;101010
994542
11111;10110
790522
11101;11111
739531
100000;11000
816024
11011;11010
688526
100100;10010
918018
10111;11010
586526
11011;111100
688560
11110;100001
765033
11001;11101
637529
100101;1000
94358
100111;10110
994522
10011110;10
-252462
10001111;101011
-2907143
10010001;110
-285616
10010001;111110
-2856162
10001111;110111
-2907155
10001111;11000
-2907124
1011100;1100
2346012
100000;111001
816057
11110;101110
765046
11111;101111
790547
100101;11100
943528
1110101;1100
2983512
10011011;10001
-2601117
10101110;100110
-2116638
10101110;101100
-2116644
10101110;101010
-2116642
10101110;101001
-2116641
10101110;101000
-2116640
10101110;101001
-2116641
10101110;100011
-2116635
10101110;101000
-2116640
10110001;110
-204016
11001001;11110
-1428130
11110101;110
-30616
11111011;101000
-153140
11111011;100111
-153139
11111010;1011
-178611
10010001;110011
-2856151
10000011;101101
-3213145
10000011;110000
-3213148
10000011;101011
-3213143
10000011;111010
-3213158
10000011;11000
-3213124
10000011;11100
-3213128
10000011;11010
-3213126
10000011;11011
-3213127
10000011;10101
-3213121
10000011;11100
-3213128
10000011;11001
-3213125
10000011;11100
-3213128
10000011;10100
-3213120
10000011;11011
-3213127
10000011;11001
-3213125
10000011;10111
-3213123
10000011;11111
-3213131
10000011;11100
-3213128
10000011;11100
-3213128
10000011;11001
-3213125
10000011;11101
-3213129
10000011;11101
-3213129
10000011;11111
-3213131
10000011;10111
-3213123
10000011;11101
-3213129
10000011;11100
-3213128
10000011;11010
-3213126
10000011;11001
-3213125
10000011;11010
-3213126
10000011;11001
-3213125
10000011;11011
-3213127
10000011;11101
-3213129
10000011;11100
-3213128
10000011;11100
-3213128
10000011;11100
-3213128
10000011;11100
-3213128
10000011;11101
-3213129
10000011;11100
-3213128
10000011;10101
-3213121
10000011;11111
-3213131
10000011;11000
-3213124
10000011;11110
-3213130
10000011;11100
-3213128
10000011;10100
-3213120
10000011;11001
-3213125
10000011;11100
-3213128
10000011;11110
-3213130
10000011;100000
-3213132
10000011;11010
-3213126
10000011;11101
-3213129
10000011;11100
-3213128
10000011;10110
-3213122
10000011;11100
-3213128
10000011;11011
-3213127
10000011;11101
-3213129
10000011;11101
-3213129
10000011;11001
-3213125
10000011;11011
-3213127
10000011;11111
-3213131
10000011;10101
-3213121
10000011;10111
-3213123
10000011;11001
-3213125
10000011;11010
-3213126
10000011;11011
-3213127
10000011;10110
-3213122
10000011;11010
-3213126
10000011;11110
-3213130
10000011;10101
-3213121
10000011;10111
-3213123
10000011;11100
-3213128
10000011;11010
-3213126
10000011;11001
-3213125
10000011;11111
-3213131
10000011;11101
-3213129
10000011;11011
-3213127
10000011;11100
-3213128
10000011;11011
-3213127
10000011;10110
-3213122
10000011;10010
-3213118
10000011;111110
-3213162
10000011;0
-321310
10000010;111000
-3238656
10000010;10000
-3238616
10000010;101
-323865
10000001;111101
-3264161
10000010;111111
-3238663
10000001;111011
-3264159
10000001;111100
-3264160
10000001;110100
-3264152
10000001;100101
-3264137
10000001;11110
-3264130
10000001;11101
-3264129
10000001;11101
-3264129
10000001;11100
-3264128
10000001;100011
-3264135
10000001;100000
-3264132
10000001;11110
-3264130
10000001;100100
-3264136
10000001;11100
-3264128
10000001;11101
-3264129
10000001;100101
-3264137
10000001;100000
-3264132
10000001;11000
-3264124
10000001;11110
-3264130
10000001;100000
-3264132
10000001;100001
-3264133
10000001;11100
-3264128
10000001;100001
-3264133
10000001;100000
-3264132
10000001;100010
-3264134
10000001;100010
-3264134
10000001;11000
-3264124
10000001;11111
-3264131
10000001;11111
-3264131
10000001;100010
-3264134
10000001;100010
-3264134
10000001;11111
-3264131
10000001;11110
-3264130
10000001;11111
-3264131
10000001;100001
-3264133
10000001;10110
-3264122
10000001;100000
-3264132
10000001;11011
-3264127
10000001;100001
-3264133
10000001;11011
-3264127
10000001;100010
-3264134
10000001;100011
-3264135
10000001;11101
-3264129
10000001;11011
-3264127
10000001;11101
-3264129
10000001;100001
-3264133
10000001;11011
-3264127
10000001;11110
-3264130
10000001;100001
-3264133
10000001;100000
-3264132
10000001;100000
-3264132
10000001;11101
-3264129
10000001;100000
-3264132
10000001;11110
-3264130
10000001;11011
-3264127
10000001;11101
-3264129
10000001;11101
-3264129
10000001;11001
-3264125
10000001;100000
-3264132
10000001;11011
-3264127
10000001;11010
-3264126
10000001;11001
-3264125
10000001;11111
-3264131
10000001;100100
-3264136
10000001;100000
-3264132
10000001;100101
-3264137
10000001;100001
-3264133
10000001;11101
-3264129
10000001;100100
-3264136
10000001;11101
-3264129
10000001;11111
-3264131
10000001;11111
-3264131
10000001;11101
-3264129
10000001;11100
-3264128
10000001;100000
-3264132
10000001;100001
-3264133
10000001;11101
-3264129
10000001;100001
-3264133
10000001;11110
-3264130
10000001;100001
-3264133
10000001;11111
-3264131
10000001;100000
-3264132
10000001;11111
-3264131
10000001;11101
-3264129
10000001;100000
-3264132
10000001;11111
-3264131
10000001;11101
-3264129
10000001;11100
-3264128
10000001;100001
-3264133
10000001;100001
-3264133
10000001;11110
-3264130
10000001;11101
-3264129
10000001;100000
-3264132
10000001;11110
-3264130
10000001;11110
-3264130
10000001;100000
-3264132
10000001;11000
-3264124
10000001;11100
-3264128
10000001;11000
-3264124
10000001;100011
-3264135
10000001;11100
-3264128
10000001;11110
-3264130
10000001;11001
-3264125
10000001;11101
-3264129
10000001;11111
-3264131
10000001;100010
-3264134
10000001;11100
-3264128
10000001;11100
-3264128
10000001;10111
-3264123
10000001;100001
-3264133
10000001;11110
-3264130
10000001;11110
-3264130
10000001;100000
-3264132
10000001;11100
-3264128
10000001;11111
-3264131
10000001;11110
-3264130
10000001;100011
-3264135
10000001;11100
-3264128
10000001;100000
-3264132
10000001;11100
-3264128
10000001;11110
-3264130
10000001;11110
-3264130
10000001;11100
-3264128
10000001;100000
-3264132
1101101;111010
2779558
101100;101110
1122046
11011101;100101
-918137
1001100;100011
1938035
11011101;111110
-918162
1001100;111100
1938060
11011100;111101
-943661
1001011;1001
191259
11011011;110
-96916
1001010;100010
1887034
11011010;10110
-994622
1001001;100111
1861539
11011010;110110
-994654
1001000;110000
1836048
11011001;110011
-1020151
1000110;11
178503
11011000;100
-104564
1000110;11100
1785028
11010111;100100
-1071136
1000101;111011
1759559
11010110;10010
-1096618
1000100;110100
1734052
11010101;100
-112214
1000011;111010
1708558
11010100;1110
-1147614
1000010;1000
168308
11010100;111011
-1147659
1000001;110000
1657548
11010010;110101
-1198653
111111;1110
1606514
11010001;101100
-1224144
111110;1100
1581012
11010000;101010
-1249642
111101;1110
1555514
11010000;110001
-1249649
111100;101101
1530045
11001110;10111
-1300623
111011;101011
1504543
11001101;10000
-1326116
111010;100010
1479034
11001100;1100
-1351612
111001;111110
1453562
11001011;1001
-137719
111000;100110
1428038
11001010;101011
-1402643
110111;1100
1402512
11001001;11011
-1428127
110110;10101
1377021
11001000;100000
-1453632
110101;11111
1351531
11000111;111110
-1479162
110100;11111
1326031
11000110;10111
-1504623
110001;101100
1249544
11001110;100111
-1300639
110010;10111
1275023
11101000;1110
-637614
1000001;111111
1657563
11101100;10000
-535616
1100010;111
249907
1111010;10100
3111020
10001111;111000
-2907156
1111100;111100
3162060
10000110;1101
-3136613
1100001;101011
2473543
111001;110110
1453554
111010;101111
1479047
110011;1
130051
101111;100111
1198539
101000;1010
1020010
100100;11110
918030
11011;1001
68859
110101;100111
1351539
10110;10100
561020
100001;110101
841553
11000;111011
612059
11001;10011
637519
11000;101100
612044
11110;0
76500
101111;10011
1198519
11011;11000
688524
10010;100011
459035
10110;100100
561036
1110;100100
357036
11001;1001
63759
11001;111000
637556
1000;100
20404
10010;101
45905
10100;100100
510036
10100;1
51001
10110;11101
561029
11011;101100
688544
11101;110
73956
10101;101011
535543
10010;100
45904
100;110111
102055
100101;100010
943534
1110;111
35707
10010;1111
459015
11001;11110
637530
10011;111110
484562
10111;101010
586542
1;10101
25521
10000;1000
40808
11000;110100
612052
11101;11011
739527
100100;110010
918050
1111;101110
382546
1011;1111
280515
1110;11100
357028
101000;1111
1020015
11010;1000
66308
10010;11111
459031
1100;111000
306056
11011;111110
688562
11000;110010
612050
11111100;10110
-127622
10010;0
45900
10001;110010
433550
11000;11011
612027
10011;111100
484560
11101;111
73957
10101;10111
535523
11011;10101
688521
1100;101101
306045
10001;10001
433517
10010;11001
459025
1100;10000
306016
11000;100100
612036
11;100100
76536
11100;110111
714055
11000;11010
612026
1100;1
30601
10110;110100
561052
10001;100111
433539
1000;111100
204060
1000;10001
204017
100000;11110
816030
10100;110001
510049
11001;101000
637540
10110;11110
561030
10100;1
51001
1110;11110
357030
10111;11000
586524
10010;10011
459019
11100;1101
714013
1110;0
35700
10101;111101
535561
10101;1110
535514
10011;1
48451
1100;111110
306062
100010;1011
867011
10110;11011
561027
10111;100100
586536
10110;0
56100
100000;100111
816039
11011;1111
688515
100000;100010
816034
110;100111
153039
1011;100
28054
11010;101111
663047
100111;100100
994536
10001;1101
433513
11011;10110
688522
100111;1001
99459
110;101111
153047
10010;11
45903
10010;100010
459034
110100;0
132600
101000;110101
1020053
100101;101111
943547
11000;11110
612030
10110;111
56107
100001;1000
84158
10101;110000
535548
10000;11000
408024
11001;10011
637519
10010;110100
459052
11010;11011
663027
100001;110100
841552
11010;101000
663040
101100;11111
1122031
11010111;110
-107116
101010;111110
1071062
110100;111100
1326060
10011;100001
484533
110010;11011
1275027
110011;1001
130059
1100011;0
252450
101100;100001
1122033
1000111;111000
1810556
111101;11101
1555529
1110110;1011
3009011
1111111;11110
3238530
1110011;101001
2932541
10001010;111
-303467
1111100;110000
3162048
10010000;101111
-2881647
10000010;111000
-3238656
10001111;111001
-2907157
10000001;110100
-3264152
10010001;10
-285612
1010101;101011
2167543
10001100;110001
-2983649
1001;110101
229553
10001010;11100
-3034628
101;111001
127557
10000110;1001
-313669
11111101;1
-10211
1000011;11101
1708529
10111110;101111
-1708647
100000;110011
816051
10101111;1011
-2091111
100000;11111
816031
10101100;100
-216764
100001;100000
841532
10101011;11011
-2193127
100001;10100
841520
10101010;1011
-2218611
100000;110101
816053
10101001;10001
-2244117
100000;11
81603
10101001;10111
-2244123
11111;101010
790542
10101000;10001
-2269617
11110;110011
765051
10100111;100010
-2295134
11110;1011
765011
10100111;0
-229510
11011;11000
688524
10101000;100010
-2269634
11010;110111
663055
10100111;100011
-2295135
11001;10101
637521
10101010;11010
-2218626
1111;100100
382536
1011111;101100
2422544
1000010;10110
1683022
111001;101010
1453542
111101;11000
1555524
100111;101010
994542
110001;110001
1249549
100000;111110
816062
100110;100001
969033
100000;110011
816051
11110;11110
765030
101001;100
104554
10111;111000
586556
100110;1010
969010
11011;100111
688539
111011;110111
1504555
10110;101010
561042
11101;1
73951
11000;1
61201
10110;110101
561053
110010;10100
1275020
10110;101011
561043
11110;111
76507
1010;111111
255063
1111;100111
382539
1100;101010
306042
11100;1
71401
10000;1
40801
10110;110100
561052
10100;11101
510029
100000;111110
816062
10010;110100
459052
11001;111110
637562
1100;101
30605
10001;110001
433549
11010;1001
66309
11111;101100
790544
11001;111010
637558
10101;111
53557
10111;10101
586521
100001;110101
841553
11000;110010
612050
11100;101101
714045
1111;10111
382523
1101;1000
33158
10010;111000
459056
10001;110100
433552
1010;110001
255049
11011;101010
688542
11100;11100
714028
10100;0
51000
11000;110101
612053
1111;11000
382524
1100;111100
306060
110;1010
153010
1001;1
22951
1011;100010
280534
1111;111101
382561
100;1000
10208
10100;1111
510015
1101;101100
331544
10110;10111
561023
10110;1010
561010
10010;1011
459011
11100;110111
714055
111;110100
178552
11001;1010
637510
110;1
15301
10101;100
53554
100111;1100
994512
100111;110101
994553
10000;111110
408062
1110;100111
357039
1110;100001
357033
11010;101000
663040
1100;1000
30608
10010;1000
45908
1001;100010
229534
11;11100
76528
11111;1
79051
1101;110111
331555
11001;101010
637542
11100;111110
714062
0;111110
062
10111;110111
586555
10010;11011
459027
11000;110100
612052
100100;110011
918051
11000;111110
612062
11100;101011
714043
11001;110101
637553
10011;111
48457
10011;100
48454
10100;101110
510046
10101;100010
535534
10011;110010
484550
10011;100100
484536
11000;0
61200
11100;100
71404
1000;1001
20409
101000;101011
1020043
100011;100
89254
100110;111110
969062
100011;100111
892539
11011;1000
68858
101100;100111
1122039
101000;111000
1020056
101000;1000
102008
101000;1011
1020011
1100;111
30607
110000;110101
1224053
110010;11010
1275026
101111;100
119854
100011;110
89256
111010;10100
1479020
1000001;101100
1657544
1000010;10101
1683021
111100;1100
1530012
1001001;111101
1861561
111101;100
155554
1001111;11110
2014530
1010100;111010
2142058
11101000;100001
-637633
10101011;110110
-2193154
1001;1110
229514
10100111;11001
-2295125
1101;1
33151
10100010;110000
-2422648
1101;101010
331542
10011011;10001
-2601117
1111;111111
382563
10011001;11111
-2652131
1111;111110
382562
10011001;1
-265211
1110;101101
357045
10011000;101010
-2677642
1110;111100
357060
10011000;100
-267764
1110;101
35705
10011000;10111
-2677623
1101;101100
331544
10010111;11010
-2703126
1101;1101
331513
10010111;110100
-2703152
1101;110110
331554
10010110;111100
-2728660
1101;1101
331513
10010101;1111
-2754115
1101;100101
331537
10010101;111000
-2754156
1101;10011
331519
10010100;110101
-2779653
1101;11
33153
10010011;110011
-2805151
1101;1000
33158
10010011;11100
-2805128
1100;101010
306042
10010010;11011
-2830627
1100;10001
306017
10010010;1010
-2830610
1100;1100
306012
10010001;100100
-2856136
1011;11101
280529
10010001;111010
-2856158
1011;1010
280510
10010000;10001
-2881617
1010;101011
255043
10001111;100100
-2907136
1010;110
25506
10001111;100111
-2907139
1010;111110
255062
10001110;11100
-2932628
1001;11000
229524
10001110;111101
-2932661
1001;111110
229562
10001101;111100
-2958160
1000;111
20407
10001100;101111
-2983647
1000;1001
20409
10001100;10
-298362
1000;10
20402
10001101;101111
-2958147
1000;111101
204061
10001100;1
-298361
1000;100001
204033
10010000;100110
-2881638
1111;100110
382538
10011111;100111
-2499139
11111;10010
790518
10111000;1000
-186168
111011;100101
1504537
11011011;111101
-969161
1100110;10110
2601022
11111111;10000
-51116
10011000;110011
-2677651
100111;11110
994530
11010010;1110
-1198614
1101000;10111
2652023
1000;110101
204053
10110001;101
-204015
1001100;111111
1938063
11111010;100001
-178633
10100100;1000
-237168
1000101;111101
1759561
11111010;110100
-178652
10101010;110101
-2218653
1010011;10110
2116522
1000;100011
204035
11000100;110010
-1555650
1110110;100110
3009038
100111;11110
994530
11101111;110111
-459155
10101011;10001
-2193117
1100100;11011
2550027
11111;101111
790547
11101110;100111
-484639
10110010;101010
-2014642
1110101;11011
2983527
110101;110010
1351550
111;11011
178527
11011100;10
-94362
10100111;101011
-2295143
1110100;111
295807
111111;111
160657
10101;1011
535511
11110100;110
-33166
11001101;111010
-1326158
10100100;110000
-2371648
1111101;100110
3187538
1010101;10101
2167521
101111;101010
1198542
10011;101100
484544
11111100;111011
-127659
11100100;110010
-739650
11001010;101100
-1402644
10110000;110101
-2065653
10011001;1110
-2652114
10000010;110001
-3238649
1101100;101011
2754043
1011000;11001
2244025
1000100;101110
1734046
110100;11101
1326029
100110;0
96900
11100;10000
714016
10011;111001
484557
1101;1001
33159
111;101100
178544
11;100000
76532
0;10
02
11111101;100010
-102134
11111011;110000
-153148
11111010;110110
-178654
11111010;101110
-178646
11111011;10
-15312
11111011;100100
-153136
11111100;10
-12762
11111100;10111
-127623
11111100;11101
-127629
11111100;11100
-127628
11111100;11001
-127625
11111100;11110
-127630
11111100;11101
-127629
11111100;11011
-127627
11111100;11100
-127628
11111100;11100
-127628
11111100;11011
-127627
11111100;11001
-127625
11111100;11101
-127629
11111100;11100
-127628
11111100;11011
-127627
11111100;11011
-127627
11111100;11101
-127629
11111100;11011
-127627
11111100;11100
-127628
11111100;11110
-127630
11111100;11011
-127627
11111100;111101
-127661
11111101;101100
-102144
11111110;11010
-76626
11111110;1101
-76613
11111011;10
-15312
10101100;111011
-2167659
10000101;100011
-3162135
10001000;100010
-3085634
10000111;11011
-3111127
10000011;11010
-3213126
1111011;100001
3136533
1111010;100110
3111038
1111101;10000
3187516
1110101;10011
2983519
1111010;101000
3111040
1111010;1011
3111011
1101101;11111
2779531
110101;110
135156
11111;10
79052
110001;11011
1249527
101101;111110
1147562
11100001;10000
-816116
100000;1
81601
101011;101101
1096545
100011;11001
892525
1001;111011
229559
11100;11110
714030
100010;100011
867035
101000;110001
1020049
11011;10
68852
10011;100001
484533
11011;11110
688530
100001;11111
841531
11110;10101
765021
10000;111010
408058
10010;11111
459031
10111;111011
586559
101010;1
107101
10100;111110
510062
101;1
12751
11100;10101
714021
10001;100011
433535
100101;111110
943562
10001;10111
433523
10101;100001
535533
1110;11110
357030
1101;101011
331543
10111;101000
586540
101011;111100
1096560
11011;10100
688520
10010;110100
459052
11110;100001
765033
100001;110010
841550
100000;110001
816049
1101;10011
331519
100001;10101
841521
10011;100100
484536
100011;100100
892536
1010;0
25500
11101;110010
739550
10101;1
53551
10101;110001
535549
1100;110010
306050
11001;110101
637553
1100;111011
306059
100000;110011
816051
11011;100010
688534
101001;110001
1045549
11100;100001
714033
10111;11000
586524
11011;110011
688551
1000;101010
204042
10011;10100
484520
11010;110101
663053
1111;10011
382519
10;100100
51036
10101;1110
535514
10101;11001
535525
10010;111110
459062
10100;111000
510056
11001;1001
63759
10010;10011
459019
100011;1001
89259
100010;101111
867047
10000;1100
408012
11011;100100
688536
100010;11011
867027
100000;110001
816049
11011;1000
68858
100000;11000
816024
10000;11
40803
11100;11
71403
10001;111
43357
11011;101110
688546
10100;110111
510055
11111111;101100
-51144
101101;111110
1147562
11110;1
76501
100000;100
81604
101000;101111
1020047
101111;1
119851
101010;110
107106
110000;101110
1224046
101010;10111
1071023
101101;111000
1147556
10000;11101
408029
1110;10111
357023
10001;100111
433539
100110;110111
969055
10101;11011
535527
10010;11000
459024
10100;111110
510062
100101;110001
943549
100000;10101
816021
11111111;111
-5117
110000;111
122407
10100;111110
510062
101101;10000
1147516
110000;100110
1224038
111001;111111
1453563
110001;10011
1249519
11111;1100
790512
10100;111000
510056
1000000;10
163202
110010;111010
1275058
1110101;111110
2983562
1110011;110000
2932548
1011100;1111
2346015
1101111;111111
2830563
1111001;110101
3085553
10000000;111110
3264062
10000011;11101
-3213129
10000110;101111
-3136647
10000110;10111
-3136623
10000101;10110
-3162122
10000100;1100
-3187612
10000011;111101
-3213161
10000011;100001
-3213133
10000010;100010
-3238634
10000010;100110
-3238638
11110101;111100
-306160
11111100;10000
-127616
11111011;110100
-153152
11111011;110011
-153151
11111011;110011
-153151
11111011;110011
-153151
11111011;110010
-153150
11111011;110110
-153154
11111011;110110
-153154
11111011;101110
-153146
11111011;10101
-153121
11111010;11011
-178627
11111000;10
-22962
11111010;11011
-178627
110;0
15300
10101;100010
535534
100000;101001
816041
110010;110010
1275050
1001001;101101
1861545
1010001;100110
2065538
1001000;111100
1836060
111010;11101
1479029
101010;100000
1071032
101000;1000
102008
10110;101101
561045
100100;1101
918013
100010;101010
867042
11001;111110
637562
101100;10000
1122016
10111;10011
586519
100011;10011
892519
11111;10101
790521
11111100;111
-12767
11010;111110
663062
10101;101100
535544
100100;111101
918061
101111;1010
1198510
11101;100100
739536
1011;111000
280556
11011;111110
688562
1011;100001
280533
10101;100100
535536
10000;101010
408042
10111;100100
586536
100010;10010
867018
11010;100100
663036
11011;1
68851
11010;110111
663055
100011;111000
892556
10101;110001
535549
10100;110011
510051
10110;1010
561010
100;11000
102024
100111;100001
994533
100011;1010
892510
11110;1
76501
1000;1110
204014
100101;110000
943548
100100;1
91801
10000;100100
408036
1111;101100
382544
100011;11001
892525
100001;100001
841533
100010;110111
867055
10101;111
53557
10;110011
51051
100000;1100
816012
11000;111110
612062
1111;10011
382519
10101;101011
535543
11101;110000
739548
11111;11111
790531
10110;111001
561057
1010;10011
255019
11011;1001
68859
10101;111101
535561
10000;100100
408036
10010;101111
459047
100000;10101
816021
1101;10101
331521
101001;100100
1045536
10010;110101
459053
10001;100011
433535
11011;1001
68859
10001;10110
433522
1010;10111
255023
101010;100111
1071039
0;1111
015
11001;10101
637521
11111011;111001
-153157
11110;100111
765039
1111;0
38250
100101;11
94353
11001;110100
637552
1;10001
25517
11010;111011
663059
110;11
15303
11111;100111
790539
11001;1
63751
10101;110010
535550
11101;10000
739516
10000;1101
408013
100010;1000
86708
110010;100001
1275033
101101;11
114753
110010;101000
1275040
111000;11000
1428024
111011;10000
1504516
1000010;1000
168308
1000010;10101
1683021
1000101;111101
1759561
1000100;101011
1734043
111001;101000
1453540
1100;1010
306010
11110110;1000
-28068
11101110;110111
-484655
11101110;1111
-484615
11101110;1110
-484614
11101110;10001
-484617
11101111;10010
-459118
11110001;101
-40815
11110011;101110
-357146
11110101;100010
-306134
11110110;1001
-28069
11110110;1010
-280610
11110110;1000
-28068
11110110;1001
-28069
11110110;1001
-28069
11110110;1000
-28068
11110110;1010
-280610
11110110;1100
-280612
11110110;1111
-280615
11110110;1101
-280613
11110110;1001
-28069
11110110;1011
-280611
11110110;1011
-280611
11110110;1101
-280613
11110110;1100
-280612
11110110;1010
-280610
11110110;1111
-280615
11110110;1011
-280611
11110110;1111
-280615
11110110;1101
-280613
11110110;1011
-280611
11110110;1111
-280615
11110110;1001
-28069
11110110;1110
-280614
11110110;1011
-280611
11110110;1110
-280614
11110110;1100
-280612
11110110;1000
-28068
11110110;1110
-280614
11110110;1010
-280610
11110110;1011
-280611
11110110;10000
-280616
11110110;111
-28067
11110110;1010
-280610
11110110;1110
-280614
11110110;1100
-280612
11110110;1010
-280610
11110110;1100
-280612
11110110;1000
-28068
11110110;1101
-280613
11110110;1010
-280610
11110110;1100
-280612
11110110;1011
-280611
11110110;1011
-280611
11110110;1100
-280612
11110110;1010
-280610
11110110;1010
-280610
11110110;1101
-280613
11110110;1011
-280611
11110110;1101
-280613
11110110;1001
-28069
11110110;1011
-280611
11110110;1101
-280613
11110110;1011
-280611
11110110;1000
-28068
11110110;1100
-280612
11110110;1100
-280612
11110110;1111
-280615
11110110;1011
-280611
11110110;10011
-280619
11110110;1101
-280613
11110110;1100
-280612
11110110;1110
-280614
11110110;10011
-280619
11110110;1100
-280612
11110110;1011
-280611
11110110;1110
-280614
11110110;1101
-280613
11110110;1000
-28068
11110110;1110
-280614
11110110;1111
-280615
11110110;1110
-280614
11110110;1011
-280611
11110110;1011
-280611
11110110;1000
-28068
11110110;1011
-280611
11110110;1100
-280612
11110110;111
-28067
11110110;1011
-280611
11110110;1101
-280613
11110110;1010
-280610
11110110;1000
-28068
11110110;1011
-280611
11110110;1101
-280613
11110110;1100
-280612
11110110;111
-28067
11110110;1011
-280611
11110110;1001
-28069
11110110;1110
-280614
11110110;1011
-280611
11110110;1011
-280611
11110110;1001
-28069
11110110;1011
-280611
11110110;1011
-280611
11110110;1011
-280611
11110110;1100
-280612
11110110;1011
-280611
11110110;1011
-280611
11110110;1100
-280612
11110110;1001
-28069
11110110;1100
-280612
11110110;1101
-280613
11110110;1011
-280611
11110110;1110
-280614
11110110;1010
-280610
11110110;1110
-280614
11110110;1001
-28069
11110110;1101
-280613
11110110;1011
-280611
11110110;1010
-280610
11110110;1111
-280615
11110110;1011
-280611
11110110;1100
-280612
11110110;1111
-280615
11110110;1100
-280612
11110110;1010
-280610
11110110;10000
-280616
11110110;1001
-28069
11110110;1011
-280611
11110110;1001
-28069
11110110;1110
-280614
11110110;1001
-28069
11110110;1010
-280610
11110110;1011
-280611
11110110;111
-28067
11110110;1100
-280612
11110110;1101
-280613
11110110;1010
-280610
11110110;1010
-280610
11110110;110
-28066
11110110;1011
-280611
11110110;1000
-28068
11110110;1100
-280612
11110110;1100
-280612
11110110;1011
-280611
11110110;1101
-280613
11110110;1001
-28069
11110110;1110
-280614
11110110;1100
-280612
11110110;1011
-280611
11110110;1101
-280613
11110110;1100
-280612
11110110;1111
-280615
11110110;1010
-280610
11110101;0
-30610
11110110;1101
-280613
11110110;1000
-28068
11110110;111
-28067
11110110;110
-28066
11110110;1000
-28068
11110110;1110
-280614
11110110;1001
-28069
11110110;1010
-280610
11110110;111
-28067
11110110;110
-28066
11110110;111
-28067
11110110;1010
-280610
11110110;1011
-280611
11110110;1100
-280612
11110110;1001
-28069
11110110;1011
-280611
11110110;111
-28067
11110110;1001
-28069
11110110;1010
-280610
11110110;1000
-28068
11110110;100111
-280639
11111000;10100
-229620
11111010;101110
-178646
11111010;101101
-178645
11111001;111111
-204163
11111001;10010
-204118
11111000;111101
-229661
11111000;111001
-229657
11111001;111010
-204158
11111100;101101
-127645
11111101;101111
-102147
11111101;110001
-102149
11110111;1
-25511
11110010;11010
-382626
11110011;100011
-357135
10001101;100111
-2958139
10000000;110011
3264051
10000010;1001
-323869
11011101;100110
-918138
11101110;111010
-484658
11101010;1010
-586610
11101001;101000
-612140
11101011;111001
-561157
11101011;110110
-561154
11101000;11001
-637625
11100101;101001
-714141
11100100;10001
-739617
11100001;11100
-816128
11010110;110100
-1096652
11000100;110111
-1555655
10110011;11011
-1989127
10101011;101100
-2193144
10101000;101101
-2269645
10100100;10
-237162
10110001;10
-204012
11110111;1101
-255113
10111111;100001
-1683133
10110110;101001
-1912641
11000101;101111
-1530147
11000111;10010
-1479118
11000101;100111
-1530139
11001000;1100
-1453612
1010000;110001
2040049
1011100;1
234601
1011110;1100
2397012
1100000;110
244806
1100011;100100
2524536
1100011;100100
2524536
1011110;111001
2397057
1011001;1000
226958
1011001;100100
2269536
1011011;1
232051
1011011;100100
2320536
1011100;10101
2346021
1011001;100111
2269539
1011001;10111
2269523
1011010;100100
2295036
1011011;111100
2320560
1010110;100001
2193033
1010101;101011
2167543
1011000;11010
2244026
1011001;1010
2269510
1011111;111101
2422561
1101100;111
275407
10011010;11110
-2626630
11000010;111000
-1606656
11001111;110111
-1275155
11010010;110101
-1198653
11001111;100
-127514
11001001;101100
-1428144
11000101;101101
-1530145
11001000;10101
-1453621
11001101;10111
-1326123
10110101;100010
-1938134
10000111;1000
-311118
1111101;100101
3187537
1110111;111110
3034562
1110010;100000
2907032
1101101;100011
2779535
1100100;11111
2550031
1001101;111010
1963558
111110;100010
1581034
111001;1110
1453514
1010110;101010
2193042
10000001;10011
-3264119
10000110;101011
-3136643
10001011;1011
-3009111
10001011;101010
-3009142
10001001;110000
-3060148
10001001;11010
-3060126
10001001;11000
-3060124
10001001;11010
-3060126
10001001;11011
-3060127
10001001;11010
-3060126
10001001;10111
-3060123
10001001;100000
-3060132
10001001;11001
-3060125
10001001;11011
-3060127
10001001;11010
-3060126
10001001;11010
-3060126
10001001;11100
-3060128
10001001;100001
-3060133
10001001;11010
-3060126
10001001;11011
-3060127
10001001;11001
-3060125
10001001;11001
-3060125
10001001;11100
-3060128
10001001;11010
-3060126
10001001;11001
-3060125
10001001;11011
-3060127
10001001;11011
-3060127
10001001;11010
-3060126
10001001;11010
-3060126
10001001;11010
-3060126
10001001;100000
-3060132
10001001;11000
-3060124
10001000;111010
-3085658
10001000;10000
-3085616
10001001;1111
-3060115
10001001;1010
-3060110
10001000;11001
-3085625
10000110;101100
-3136644
10000101;100001
-3162133
10000101;101
-316215
10000110;110000
-3136648
10000111;11101
-3111129
10001000;10000
-3085616
10001000;100010
-3085634
10001000;110111
-3085655
10001000;110101
-3085653
10001000;1
-308561
10001001;1000
-306018
10001000;10
-308562
10001001;111
-306017
10001001;10
-306012
10001001;100
-306014
10001001;100
-306014
10001001;1010
-3060110
10001001;1011
-3060111
10001001;110
-306016
10001001;1010
-3060110
10001001;101
-306015
10001001;1000
-306018
10001001;1000
-306018
10001001;1010
-3060110
10001001;1000
-306018
10001001;10
-306012
10001001;101
-306015
10001001;110
-306016
10001001;1101
-3060113
10001001;10
-306012
10001001;101
-306015
10001001;1100
-3060112
10001001;110
-306016
10001001;110
-306016
10001001;1010
-3060110
10001001;110
-306016
10001001;1001
-306019
10001001;1011
-3060111
10001001;1000
-306018
10001001;111
-306017
10001001;1001
-306019
10001001;1001
-306019
10001001;1100
-3060112
10001001;1001
-306019
10001001;1001
-306019
10001001;111
-306017
10001001;1011
-3060111
10001001;1101
-3060113
10001001;1000
-306018
10001001;1011
-3060111
10001001;110
-306016
10001001;1011
-3060111
10001001;1101
-3060113
10001001;1001
-306019
10001001;1010
-3060110
10001001;1011
-3060111
10001001;1011
-3060111
10001001;1001
-306019
10001001;1011
-3060111
10001001;1011
-3060111
10001001;1001
-306019
10001001;111
-306017
10001001;10001
-3060117
10001001;1010
-3060110
10001001;111
-306017
10001001;1011
-3060111
10001001;1100
-3060112
10001001;1001
-306019
10001001;1010
-3060110
10001001;1001
-306019
10001001;1100
-3060112
10001001;1010
-3060110
10001001;1101
-3060113
10001001;1100
-3060112
10001001;1011
-3060111
10001001;1010
-3060110
10001001;1011
-3060111
10001001;1000
-306018
10001001;1010
-3060110
10001001;1001
-306019
10001001;111
-306017
10001001;110
-306016
10001001;1101
-3060113
10001001;110
-306016
10001001;1001
-306019
10001001;110
-306016
10001001;1011
-3060111
10001001;1011
-3060111
10001001;1010
-3060110
10001001;1110
-3060114
10001001;1111
-3060115
10001001;1000
-306018
10001001;1010
-3060110
10001001;1101
-3060113
10001001;1000
-306018
10001001;1001
-306019
10001001;1110
-3060114
10001001;1001
-306019
10001001;1001
-306019
10001001;1001
-306019
10001001;101
-306015
10001001;1100
-3060112
10001001;1000
-306018
10001001;1101
-3060113
10001001;1001
-306019
10001001;1011
-3060111
10001001;1011
-3060111
10001001;1101
-3060113
10001001;1000
-30601