=~=~=~=~=~=~=~=~=~=~=~= PuTTY log 2019.10.28 18:36:31 =~=~=~=~=~=~=~=~=~=~=~=
10000000;11110
3264030
0
3264026
10000000;100011
3264035
10000000;11000
3264024
10000000;11001
3264025
10000000;10110
3264022

10000000;11010
3264026
10000000;100011
3264035
10000000;11000
3264024
10000000;11001
3264025
10000000;10110
3264022

10000000;11010
3264026
10000000;100011
3264035
10000000;11000
3264024
10000000;11001
3264025
10000000;10110
3264022
Serial OK
I2C Scanner
I2C scanner. Scanning ...
Found address: 66 (0x42)
Done.
Found 1 device(s).
10000000;11111
3264031
10000000;11111
3264031
10000000;11010
3264026
10000000;10111
3264023
10000000;11101
3264029
10000000;11010
3264026
10000000;100001
3264033
10000000;11011
3264027
10000000;100011
3264035
10000000;11001
3264025
10000000;11010
3264026
10000000;11110
3264030
10000000;11101
3264029
10000000;11010
3264026
10000000;11100
3264028
10000000;11001
3264025
10000000;10011
3264019
10000000;11011
3264027
10000000;11010
3264026
10000000;11001
3264025
10000000;100001
3264033
10000000;11011
3264027
10000000;11110
3264030
10000000;11001
3264025
10000000;11110
3264030
10000000;11000
3264024
10000000;11100
3264028
10000000;100001
3264033
10000000;11010
3264026
10000000;11010
3264026
10000000;11101
3264029
10000000;11110
3264030
10000000;11010
3264026
10000000;11001
3264025
10000000;11010
3264026
10000000;11011
3264027
10000000;11100
3264028
10000000;100001
3264033
10000000;11101
3264029
10000000;10111
3264023
10000000;100001
3264033
10000000;11110
3264030
10000000;11010
3264026
10000000;11011
3264027
10000000;11110
3264030
10000000;11011
3264027
10000000;11100
3264028
10000000;11101
3264029
10000000;11101
3264029
10000000;11010
3264026
10000000;11001
3264025
10000000;10110
3264022
10000000;11001
3264025
10000000;11101
3264029
10000000;11000
3264024
10000000;11011
3264027
10000000;100111
3264039
10000000;11001
3264025
10000000;11100
3264028
10000000;11101
3264029
10000000;10111
3264023
10000000;11111
3264031
10000000;11100
3264028
10000000;11110
3264030
10000000;11101
3264029
10000000;10111
3264023
10000000;100110
3264038
10000000;11011
3264027
10000000;10110
3264022
10000000;10111
3264023
10000000;11111
3264031
10000000;100010
3264034
10000000;11011
3264027
10000000;11010
3264026
10000000;11011
3264027
10000000;11110
3264030
10000000;11101
3264029
10000000;11110
3264030
10000000;11111
3264031
10000000;11001
3264025
10000000;11001
3264025
10000000;100000
3264032
10000000;100001
3264033
10000000;11111
3264031
10000000;11110
3264030
10000000;11101
3264029
10000000;11011
3264027
10000000;11011
3264027
10000000;100001
3264033
10000000;100100
3264036
10000000;100100
3264036
10000000;11111
3264031
10000000;100000
3264032
10000000;11001
3264025
10000000;11101
3264029
10000000;10101
3264021
10000000;11101
3264029
10000000;11011
3264027
10000000;11001
3264025
10000000;11010
3264026
10000000;11011
3264027
10000000;11101
3264029
10000000;10111
3264023
10000000;11010
3264026
10000000;11001
3264025
10000000;11000
3264024
10000000;100011
3264035
10000000;11100
3264028
10000000;11001
3264025
10000000;11111
3264031
10000000;11111
3264031
10000000;11101
3264029
10000000;11110
3264030
10000000;11001
3264025
10000000;11110
3264030
10000000;10111
3264023
10000000;11111
3264031
10000000;11011
3264027
10000000;10111
3264023
10000000;11011
3264027
10000000;10110
3264022
10000000;100000
3264032
10000000;11001
3264025
10000000;11101
3264029
10000000;11010
3264026
10000000;11001
3264025
10000000;100010
3264034
10000000;11101
3264029
10000000;11110
3264030
10000000;11001
3264025
10000000;11110
3264030
10000000;11111
3264031
10000000;11110
3264030
10000000;11011
3264027
10000000;11100
3264028
10000000;11001
3264025
10000000;11100
3264028
10000000;100101
3264037
10000000;11101
3264029
10000000;11010
3264026
10000000;11010
3264026
10000000;11001
3264025
10000000;11111
3264031
10000000;11011
3264027
10000000;11110
3264030
10000000;11001
3264025
10000000;11001
3264025
10000000;1010
3264010
1111111;111010
3238558
1111111;11100
3238528
1111110;111101
3213061
1111110;11001
3213025
1111110;1001
321309
1111101;100011
3187535
1111100;111010
3162058
1111100;1000
316208
1111011;110
313656
1111010;1
311101
1111000;110011
3060051
1110111;101000
3034540
1110110;10001
3009017
1110101;1010
2983510
1110100;111101
2958061
1110010;111001
2907057
1110001;100100
2881536
1101111;111111
2830563
1101110;1101
2805013
1101100;1010
2754010
1101010;11
270303
1100111;111010
2626558
1100110;100110
2601038
1100110;100010
2601034
1100100;111010
2550058
1100011;1111
2524515
1100001;11101
2473529
1011111;101101
2422545
1011101;111101
2371561
1011011;111000
2320556
1011001;101100
2269544
1010111;11010
2218526
1010100;111010
2142058
1010010;11111
2091031
1001111;111100
2014560
1001101;1111
1963515
1001010;100010
1887034
1000111;101100
1810544
1000100;101000
1734040
1000001;110001
1657549
111110;101110
1581046
111100;100
153004
111001;1110
1453514
110110;1010
1377010
110011;1010
1300510
101111;111011
1198559
101100;101011
1122043
101001;100
104554
100101;101
94355
100000;100110
816038
11011;101001
688541
10110;10111
561023
10000;111011
408059
1011;10010
280518
101;101010
127542
0;101
05
11111010;100111
-178639
11110101;0
-30610
11101111;100001
-459133
11101001;11
-61213
11100100;11100
-739628
11011111;111111
-867163
11011001;100111
-1020139
11010100;1111
-1147615
11001110;111100
-1300660
11001001;111001
-1428157
11000101;11
-153013
11000000;1111
-1657615
10111011;11110
-1785130
10110110;11101
-1912629
10110001;10001
-2040117
10101100;11
-216763
10100110;110100
-2320652
10100001;101100
-2448144
10011100;101000
-2575640
10011000;111
-267767
10010011;100111
-2805139
10001111;1011
-2907111
10001010;110011
-3034651
10000110;110000
-3136648
10000010;111011
-3238659
1111111;10010
3238518
1111011;100110
3136538
1111000;111011
3060059
1110100;101111
2958047
1110000;100011
2856035
1101100;10001
2754017
1100111;101011
2626543
1100011;101
252455
1011110;101010
2397042
1011010;10011
2295019
1010101;110100
2167552
1010001;11001
2065525
1001100;111100
1938060
1001000;11001
1836025
1000011;110001
1708549
111110;110011
1581051
111001;10010
1453518
110011;10110
1300522
101101;10001
1147517
100110;111011
969059
100000;101111
816047
11011;111100
688560
10101;110001
535549
10001;101
43355
1100;100111
306039
111;110011
178551
10;111100
51060
11111101;110110
-102154
11111000;100111
-229639
11110011;1
-35711
11101101;100010
-510134
11101000;1
-63761
11100010;11100
-790628
11011100;110010
-943650
11010110;11
-109663
11010000;110101
-1249653
11001010;100010
-1402634
11000100;1101
-1555613
10111110;11000
-1708624
10111001;11001
-1836125
10110100;110100
-1963652
10110000;110101
-2065653
10101100;111110
-2167662
10101000;110100
-2269652
10100100;1110
-2371614
10011111;110
-249916
10011001;110011
-2652151
10010011;100100
-2805136
10001101;111111
-2958163
10000110;11011
-3136627
1111111;111111
3238563
1111001;110100
3085552
1110100;100110
2958038
1101111;11010
2830526
1101010;10100
2703020
1100101;1101
2575513
1011111;111010
2422558
1011010;10010
2295018
1010100;111
214207
1001101;11011
1963527
1000110;1001
178509
111110;100110
1581038
110110;111111
1377063
101111;111101
1198561
101001;100111
1045539
100011;100001
892533
11101;110110
739554
11000;11000
612024
10010;101010
459042
1100;100101
306037
110;10000
153016
11111111;11
-5113
11111010;1010
-178610
11110100;100110
-331638
11101111;101110
-459146
11101011;1101
-561113
11100111;111
-66317
11100011;10010
-765118
11011111;101011
-867143
11011100;1001
-94369
11011000;111100
-1045660
11010101;100010
-1122134
11010010;1001
-119869
11001110;100010
-1300634
11001011;1
-137711
11000111;100111
-1479139
11000100;1111
-1555615
11000001;11100
-1632128
10111111;10100
-1683120
10111101;11110
-1734130
10111100;1011
-1759611
10111011;11010
-1785126
10111011;11001
-1785125
10111011;110000
-1785148
10111100;1100
-1759612
10111100;11000
-1759624
10111100;10111
-1759623
10111100;1111
-1759615
10111100;100
-175964
10111100;1011
-1759611
10111100;101
-175965
10111100;11
-175963
10111100;1101
-1759613
10111100;100
-175964
10111100;1011
-1759611
10111100;110
-175966
10111100;1101
-1759613
10111100;101001
-1759641
10111100;111000
-1759656
10111101;10110
-1734122
10111110;111
-170867
10111110;110101
-1708653
10111111;110010
-1683150
11000000;101110
-1657646
11000001;111001
-1632157
11000011;1101
-1581113
11000100;100101
-1555637
11000110;1001
-150469
11000111;111110
-1479162
11001001;110011
-1428151
11001011;101101
-1377145
11001101;101111
-1326147
11001111;111010
-1275158
11010010;1010
-1198610
11010100;100000
-1147632
11010110;100
-109664
11011010;101
-99465
11011101;10000
-918116
11100000;110001
-841649
11100100;11010
-739626
11101000;10000
-637616
11101100;10111
-535623
11110000;101100
-433644
11110101;100001
-306133
11111010;11000
-178624
11111111;110001
-51149
101;0
12750
1010;11010
255026
1111;101100
382544
10100;111101
510061
11001;111100
637560
11110;101111
765047
100011;10101
892521
100111;101000
994540
101011;111000
1096556
110000;110
122406
110100;1110
1326014
111000;11111
1428031
111100;110001
1530049
1000001;10100
1657520
1000101;110001
1759549
1001010;1101
1887013
1001110;110001
1989049
1010011;10
211652
1010110;1110
2193014
1011000;10
224402
1011101;110110
2371554
1100011;11
252453
1101000;101101
2652045
1101110;11111
2805031
1110100;10110
2958022
1111010;10001
3111017
10000000;111110
3264062
10000101;110000
-3162148
10001011;10010
-3009118
10010000;110010
-2881650
10010110;11111
-2728631
10011100;100011
-2575635
10100010;11111
-2422631
10101000;11011
-2269627
10101110;11110
-2116630
10110100;101111
-1963647
10111011;1010
-1785110
11000001;11000
-1632124
11000111;1100
-1479112
11001011;111000
-1377156
11001111;101000
-1275140
11010010;10111
-1198623
11010011;111011
-1173159
11010100;111100
-1147660
11010101;101011
-1122143
11010110;100101
-1096637
11010111;100110
-1071138
11011000;110011
-1045651
11011010;11001
-994625
11011100;11010
-943626
11011110;110110
-892654
11100001;100000
-816132
11100100;0
-73960
11100110;111001
-688657
11101001;100110
-612138
11101100;11000
-535624
11101111;1011
-459111
11110001;111010
-408158
11110100;0
-33160
11111000;111
-22967
11111011;110000
-153148
11111111;110101
-51153
100;10010
102018
1000;111110
204062
1110;10
35702
10011;11111
484531
11000;1
61201
11110;100101
765037
100100;1000
91808
101001;111
104557
101110;100
117304
110010;111001
1275057
110111;10111
1402523
111011;110111
1504555
1000000;100010
1632034
1000101;11011
1759527
1001010;100001
1887033
1001111;100011
2014535
1010100;111010
2142058
1011011;10111
2320523
1100010;1
249901
1101000;110001
2652049
1101111;10111
2830523
1110101;101001
2983541
1111011;100110
3136538
10000001;11101
-3264129
10000111;10110
-3111122
10001101;0
-295810
10010100;111010
-2779658
10011011;111000
-2601156
10100010;100011
-2422635
10101001;1101
-2244113
10101111;100101
-2091137
10110101;100010
-1938134
10111010;111010
-1810658
11000000;1010
-1657610
11000100;0
-155560
11001001;101001
-1428141
11001110;1100
-1300612
11010010;100101
-1198637
11010110;110011
-1096651
11011010;111011
-994659
11011111;1000
-86718
11100011;100
-76514
11100110;111101
-688661
11101010;10000
-586616
11101101;11000
-510124
11110000;1110
-433614
11110010;101001
-382641
11110100;111110
-331662
11110110;111100
-280660
11111000;101001
-229641
11111010;1001
-17869
11111011;1100
-153112
11111100;10
-12762
11111100;10
-12762
11111101;110101
-102153
11111110;101001
-76641
11111111;100111
-51139
0;11100
028
1;1011
25511
1;110010
25550
10;1100
51012
10;100110
51038
10;11111
51031
10;1111
51015
10;1001
5109
10;1001
5109
1;1
2551
1;111111
25563
1;111110
25562
10;1010
51010
1;0
2550
1;111011
25559
1;110100
25552
1;101100
25544
1;11100
25528
1;1101
25513
1;1010
25510
1;1000
2558
1;10010
25518
1;101
2555
1;1001
2559
1;111
2557
1;111
2557
1;1000
2558
1;1010
25510
1;1110
25514
1;111
2557
1;1001
2559
1;110
2556
1;101
2555
0;11
03
0;111110
062
0;111010
058
1;0
2550
1;0
2550
0;111100
060
1;11
2553
0;111110
062
0;0
00
1;1
2551
0;111010
058
0;111110
062
0;111101
061
1;111100
25560
0;111101
061
0;111101
061
1;111110
25562
0;101
05
0;0
00
1;110
2556
0;1
01
0;111101
061
0;111110
062
0;100
04
1;111100
25560
0;0
00
0;111011
059
1;11
2553
0;111010
058
1;111100
25560
0;111111
063
0;1
01
0;111000
056
0;10
02
1;0
2550
1;111100
25560
1;100
2554
0;111011
059
1;11
2553
0;11
03
1;0
2550
0;111110
062
0;0
00
1;111100
25560
0;10
02
1;111110
25562
1;10
2552
1;1
2551
1;111100
25560
0;111110
062
1;111100
25560
1;111101
25561
1;1
2551
1;110
2556
1;100
2554
1;0
2550
1;1
2551
1;100
2554
1;101
2555
0;111110
062
0;111111
063
1;11
2553
0;111011
059
0;110111
055
1;0
2550
0;110110
054
1;111110
25562
0;10
02
0;0
00
0;0
00
1;11
2553
1;11
2553
1;101
2555
1;0
2550
1;111111
25563
0;111110
062
0;10
02
0;0
00
0;111110
062
1;0
2550
0;111110
062
0;10
02
1;111100
25560
0;11
03
1;10
2552
0;111100
060
1;0
2550
0;111110
062
0;110
06
0;0
00
0;111001
057
1;111100
25560
0;111111
063
0;110
06
1;100
2554
1;11
2553
0;111001
057
1;110
2556
1;11
2553
0;1
01
1;110
2556
1;11
2553
1;100
2554
1;111101
25561
0;111100
060
0;10
02
0;110
06
1;1
2551
0;1
01
0;111110
062
1;111100
25560
0;111101
061
0;111101
061
1;111
2557
1;111010
25558
1;100
2554
0;111100
060
1;0
2550
1;101
2555
0;1
01
0;111010
058
0;10
02
1;10
2552
0;111001
057
0;110111
055
0;1
01
1;1
2551
1;111000
25556
0;0
00
1;111101
25561
0;111111
063
0;111011
059
0;111101
061
0;110101
053
0;100
04
1;11
2553
0;11
03
0;111100
060
0;111111
063
0;1
01
0;111111
063
0;11
03
1;1
2551
0;111110
062
0;111110
062
1;111101
25561
0;111110
062
1;0
2550
0;111110
062
1;11
2553
0;0
00
0;111000
056
1;0
2550
1;111110
25562
1;1100
25512
0;100
04
1;100
2554
0;111111
063
1;100
2554
0;111010
058
0;0
00
0;11
03
1;1000
2558
1;10101
25521
1;100001
25533
1;110001
25549
10;101
5105
10;11101
51029
10;111110
51062
11;100010
76534
100;1
10201
100;111100
102060
101;111110
127562
111;1100
178512
1000;110001
204049
1010;1101
255013
1011;110010
280550
1101;11001
331525
1110;111100
357060
10000;100101
408037
10010;1001
45909
10011;111000
484556
10101;100101
535537
10111;11011
586527
11001;100100
637536
11011;110010
688550
11101;111011
739559
100000;11111
816031
100010;110100
867052
100101;11111
943531
100111;1
99451
101010;101110
1071046
101101;100000
1147532
110000;100010
1224034
110011;110001
1300549
110110;111111
1377063
111010;10100
1479020
111101;110011
1555551
1000001;110
165756
1000100;10000
1734016
1000111;11
181053
1001001;111011
1861559
1001100;100111
1938039
1001111;11000
2014524
1010010;1001
209109
1010100;100110
2142038
1010110;111000
2193056
1011001;101111
2269547
1011100;100111
2346039
1011111;11010
2422526
1100010;1100
2499012
1100100;110001
2550049
1100111;11010
2626526
1101001;111000
2677556
1101100;1100
2754012
1101110;11100
2805028
1110000;11000
2856024
1110010;1101
2907013
1110011;111100
2932560
1110101;101011
2983543
1110111;100111
3034539
1111001;100100
3085536
1111011;101011
3136543
1111101;100000
3187532
1111110;111101
3213061
10000000;10110
3264022
10000001;1100
-3264112
10000001;100100
-3264136
10000001;101
-326415
10000000;111
326407
1111110;111011
3213059
1111101;101
318755
1111011;1100
3136512
1111000;111000
3060056
1110110;1101
3009013
1110011;11111
2932531
1110001;100101
2881537
1101111;110010
2830550
1101100;11110
2754030
1101001;0
267750
1100101;100010
2575534
1100010;100
249904
1011110;111110
2397062
1011011;110111
2320555
1011001;0
226950
1010110;1110
2193014
1010011;11110
2116530
1010000;101001
2040041
1001101;110010
1963550
1001010;110011
1887051
1000111;111011
1810559
1000100;110100
1734052
1000001;110001
1657549
111110;11011
1581027
111011;1000
150458
110111;110110
1402554
110100;11100
1326028
110000;111100
1224060
101101;10111
1147523
101001;101110
1045546
100110;100
96904
100010;10011
867019
11110;11100
765028
11010;101001
663041
10111;111
58657
10011;100101
484537
10000;10101
408021
1101;11101
331529
1010;100100
255036
111;110100
178552
101;1111
127515
11;111111
76563
1;101001
25541
1;10001
25517
1;111001
25557
10;110110
51054
11;111000
76556
100;111100
102060
110;111101
153061
111;100011
178535
1001;101010
229542
1011;111101
280561
1110;100000
357032
10001;10101
433521
10100;1001
51009
10110;11
56103
11001;101101
637545
11100;100111
714039
11111;100100
790536
100010;100011
867035
100101;100001
943533
101000;100100
1020036
101011;101101
1096545
101110;110110
1173054
110010;111
127507
110101;11111
1351531
111001;111101
1453561
111100;11100
1530028
111111;111001
1606557
1000011;1111
1708515
1000110;11100
1785028
1001001;100100
1861536
1001100;11101
1938029
1001111;10010
2014518
1010010;111
209107
1010100;101010
2142042
1010111;1
221851
1010111;100110
2218538
1011001;10101
2269521
1011100;111
234607
1011111;111011
2422559
1100010;10
249902
1100101;111
257557
1101000;10111
2652023
1101011;100000
2728532
1101110;11101
2805029
1110000;1
285601
1110011;111
293257
1110100;101011
2958043
1110110;1
300901
1110111;111111
3034563
1110111;1110
3034514
1110111;100
303454
1110110;100001
3009033
1110110;111101
3009061
1110101;1100
2983512
1110011;110000
2932548
1110001;110011
2881551
1110001;10011
2881519
1101111;100110
2830538
1101100;110011
2754051
1101001;110110
2677554
1100111;1
262651
1100100;11010
2550026
1100001;101011
2473543
1011111;10100
2422520
1011100;110000
2346048
1011010;11110
2295030
1011000;1010
2244010
1010101;101111
2167547
1010011;101
211655
1010000;101001
2040041
1001110;0
198900
1001011;100100
1912536
1001000;110010
1836050
1000110;1110
1785014
1000011;110011
1708551
1000001;11100
1657528
111110;111110
1581062
111100;100110
1530038
111010;110
147906
110111;101111
1402547
110101;11111
1351531
110011;101
130055
110001;0
124950
101110;101110
1173046
101100;11100
1122028
101010;111
107107
100111;101111
994547
100101;11010
943526
100010;111010
867058
100000;10100
816020
11101;110011
739551
11011;11100
688528
11001;1010
637510
10111;1101
586513
10101;111111
535563
10101;10100
535520
10101;11010
535526
10101;101111
535547
10110;111
56107
10110;1100
561012
10110;1100
561012
10110;1011
561011
10110;1
56101
10110;111100
561060
10110;11
56103
10101;111100
535560
10110;1
56101
10101;111110
535562
10110;11
56103
10110;111
56107
10110;110
56106
10110;1010
561010
10110;1011
561011
10110;1001
56109
10110;1010
561010
10110;1101
561013
10110;1000
56108
10110;1100
561012
10110;1010
561010
10110;1001
56109
10110;1100
561012
10110;1011
561011
10110;1110
561014
10110;1110
561014
10110;1001
56109
10110;1001
56109
10110;1101
561013
10110;1000
56108
10110;1010
561010
10110;100
56104
10110;10101
561021
10110;101
56105
10110;1011
561011
10110;1011
561011
10110;1101
561013
10110;1001
56109
10110;111
56107
10110;1001
56109
10110;1111
561015
10110;1010
561010
10110;1110
561014
10110;1100
561012
10110;10001
561017
10110;1100
561012
10110;10010
561018
10110;1101
561013
10110;1110
561014
10110;111
56107
10110;1001
56109
10110;111
56107
10110;1001
56109
10110;1011
561011
10110;1101
561013
10110;101
56105
10101;111011
535559
10101;100111
535539
10100;0
51000
10100;11010
510026
10011;100111
484539
10010;110010
459050
10001;111011
433559
10000;110100
408052
1111;100011
382535
1110;1000
35708
1100;11010
306026
1010;110000
255048
1000;111111
204063
111;100
17854
101;1100
127512
11;1000
7658
0;1000
08
11111111;110
-5116
11111101;1101
-102113
11111011;100100
-153136
11111010;1010
-178610
11111001;110
-20416
11111000;100011
-229635
11111000;10011
-229619
11111000;10010
-229618
11111000;10000
-229616
11111000;1101
-229613
11111000;1000
-22968
11111000;1100
-229612
11111000;10000
-229616
11111000;110
-22966
11110111;111010
-255158
11110111;11100
-255128
11110110;110010
-280650
11110101;101000
-306140
11110100;110111
-331655
11110100;1010
-331610
11110011;100110
-357138
11110010;110010
-382650
11110010;1010
-382610
11110001;101111
-408147
11110001;101111
-408147
11110001;111001
-408157
11110010;110
-38266
11110010;11011
-382627
11110010;110001
-382649
11110010;10
-38262
11110011;111
-35717
11110011;110
-35716
11110011;110
-35716
11110011;1001
-35719
11110011;101
-35715
11110011;111
-35717
11110011;110
-35716
11110011;1
-35711
11110011;111
-35717
11110011;101
-35715
11110011;101
-35715
11110011;111
-35717
11110011;1110
-357114
11110011;1001
-35719
11110011;1110
-357114
11110011;1
-35711
11110011;1101
-357113
11110011;1011
-357111
11110011;111
-35717
11110011;101
-35715
11110011;10
-35712
11110011;1001
-35719
11110011;100
-35714
11110011;101
-35715
11110011;110
-35716
11110011;101
-35715
11110011;100
-35714
11110011;1001
-35719
11110011;1100
-357112
11110010;0
-38260
11110010;110101
-382653
11110010;10110
-382622
11110001;101101
-408145
11110000;110010
-433650
11101111;100101
-459137
11101110;1101
-484613
11101100;101111
-535647
11101010;110110
-586654
11101000;110011
-637651
11100110;101000
-688640
11100100;11001
-739625
11100010;100
-79064
11011111;110011
-867151
11011101;11100
-918128
11011010;111100
-994660
11010111;111101
-1071161
11010100;101100
-1147644
11010001;1001
-122419
11001101;10010
-1326118
11001001;1100
-1428112
11000101;11101
-1530129
11000001;101110
-1632146
10111110;1100
-1708612
10111010;100101
-1810637
10110110;111100
-1912660
10110011;10110
-1989122
10101111;111101
-2091161
10101100;100011
-2167635
10101001;10011
-2244119
10100110;1101
-2320613
10100011;1001
-239719
10100000;111111
-2473663
10011100;110000
-2575648
10011001;100010
-2652134
10010110;101011
-2728643
10010011;111001
-2805157
10010001;10110
-2856122
10001111;11100
-2907128
10001101;101010
-2958142
10001100;100001
-2983633
10001100;101
-298365
10001100;100000
-2983632
10001101;11000
-2958124
10001110;100001
-2932633
10010000;10
-288162
10010001;111010
-2856158
10010100;1111
-2779615
10010110;110010
-2728650
10011001;101000
-2652140
10011100;11110
-2575630
10011111;10101
-2499121
10100010;111110
-2422662
10100100;101001
-2371641
10100110;111000
-2320656
10101000;111001
-2269657
10101010;110001
-2218649
10101100;100110
-2167638
10101110;1000
-211668
10101111;101010
-2091142
10110001;10001
-2040117
10110010;110111
-2014655
10110100;101010
-1963642
10110110;10100
-1912620
10111000;1101
-1861613
10111010;110011
-1810651
10111011;101001
-1785141
10111101;10001
-1734117
10111111;1
-168311
11000000;110001
-1657649
11000010;101010
-1606642
11000100;110111
-1555655
11000111;1110
-1479114
11001001;101111
-1428147
11001100;100011
-1351635
11001111;10101
-1275121
11010010;1
-119861
11010100;100101
-1147637
11010111;10011
-1071119
11011001;101101
-1020145
11011100;1010
-943610
11011110;10111
-892623
11100000;100011
-841635
11100010;101000
-790640
11100100;100000
-739632
11100110;1011
-688611
11100111;110110
-663154
11101001;10
-61212
11101010;100
-58664
11101010;111010
-586658
11101011;110001
-561149
11101100;110001
-535649
11101101;100011
-510135
11101101;111100
-510160
11101110;1000
-48468
11101110;1110
-484614
11101110;1001
-48469
11101110;11101
-484629
11101110;111011
-484659
11101111;1111
-459115
11101111;1010
-459110
11101111;10010
-459118
11101111;10011
-459119
11101111;1110
-459114
11101111;100
-45914
11101110;110110
-484654
11101110;10111
-484623
11101101;10111
-510123
11101100;0
-53560
11101010;10011
-586619
11101000;1100
-637612
11100110;1100
-688612
11100100;1100
-739612
11100010;11100
-790628
11100000;100000
-841632
11011110;11101
-892629
11011100;1110
-943614
11011001;110101
-1020153
11010111;1101
-1071113
11010100;10010
-1147618
11010001;111
-122417
11001101;100101
-1326137
11001010;10010
-1402618
11000110;110100
-1504652
11000011;1111
-1581115
10111111;110110
-1683154
10111100;10100
-1759620
10111000;101010
-1861642
10110100;110010
-1963650
10110001;111
-204017
10101101;110000
-2142148
10101010;101011
-2218643
10100111;111110
-2295162
10100101;100001
-2346133
10100011;10100
-2397120
10100001;1001
-244819
10011111;110
-249916
10011101;1110
-2550114
10011011;10010
-2601118
10011001;100100
-2652136
10011000;111110
-2677662
10010110;10100
-2728620
10010100;100000
-2779632
10010010;111000
-2830656
10010001;1111
-2856115
10001111;101011
-2907143
10001110;10111
-2932623
10001101;11011
-2958127
10001100;110010
-2983650
10001100;101
-298365
10001011;101010
-3009142
10001011;10011
-3009119
10001010;111011
-3034659
10001010;101001
-3034641
10001010;101100
-3034644
10001010;100011
-3034635
10001010;101000
-3034640
10001010;100010
-3034634
10001010;100110
-3034638
10001011;1000
-300918
10001100;101
-298365
10001101;11101
-2958129
10001111;111
-290717
10010001;1000
-285618
10010011;11110
-2805130
10010101;111111
-2754163
10011000;101000
-2677640
10011011;10000
-2601116
10011101;110001
-2550149
10100000;11011
-2473627
10100010;110000
-2422648
10100100;111000
-2371656
10100110;11
-232063
10101001;100
-224414
10101011;0
-219310
10101100;110011
-2167651
10101110;100100
-2116636
10110000;10111
-2065623
10110010;1100
-2014612
10110100;1101
-1963613
10110110;1101
-1912613
10111000;11010
-1861626
10111010;11000
-1810624
10111100;10101
-1759621
10111110;11010
-1708626
11000000;100111
-1657639
11000010;0
-160660
11000101;100110
-1530138
11001000;100010
-1453634
11001011;110011
-1377151
11001110;111110
-1300662
11010010;101
-119865
11010100;110111
-1147655
11010111;100011
-1071135
11011010;11
-99463
11011100;11100
-943628
11011110;101111
-892647
11100001;1010
-816110
11100011;11100
-765128
11100101;110000
-714148
11100111;111110
-663162
11101001;111101
-612161
11101011;111100
-561160
11101101;101011
-510143
11101111;11000
-459124
11110000;111010
-433658
11110010;10101
-382621
11110011;101100
-357144
11110101;1100
-306112
11110110;101101
-280645
11111000;1010
-229610
11111001;110000
-204148
11111011;101001
-153141
11111101;11101
-102129
11111110;111110
-76662
0;10110
022
1;100101
25537
10;101001
51041
11;11111
76531
100;1100
102012
100;100011
102035
100;100101
102037
100;11100
102028
11;110100
76552
10;0
5100
10;1101
51013
1;11111
25531
1;1010
25510
1;1110
25514
1;1111
25515
1;10011
25519
1;1101
25513
1;10001
25517
1;1010
25510
1;10001
25517
1;10101
25521
1;10010
25518
1;1110
25514
1;10010
25518
1;10100
25520
1;10010
25518
1;1101
25513
1;10011
25519
1;1111
25515
1;11010
25526
1;10000
25516
1;10101
25521
1;10001
25517
1;10001
25517
1;10001
25517
1;10001
25517
1;10101
25521
1;10110
25522
1;10111
25523
1;10100
25520
1;10111
25523
1;1101
25513
1;11100
25528
1;10101
25521
1;10010
25518
1;10001
25517
1;10110
25522
1;10000
25516
1;10000
25516
1;1111
25515
1;10110
25522
1;10111
25523
1;10011
25519
1;1100
25512
1;10011
25519
1;10100
25520
1;10010
25518
1;1101
25513
1;10100
25520
1;10000
25516
1;10100
25520
1;10000
25516
1;1110
25514
1;10011
25519
1;10111
25523
1;1111
25515
1;10010
25518
1;111
2557
1;1101
25513
1;1011
25511
1;10100
25520
1;10010
25518
1;10000
25516
1;10010
25518
1;1110
25514
1;1011
25511
1;10001
25517
1;1011
25511
1;10111
25523
1;11010
25526
1;10000
25516
1;1111
25515
1;10010
25518
1;10010
25518
1;10100
25520
1;10110
25522
1;1101
25513
1;10001
25517
1;10101
25521
1;10110
25522
1;10101
25521
1;1111
25515
1;1111
25515
1;10001
25517
1;1100
25512
1;10101
25521
1;10001
25517
1;1011
25511
1;10011
25519
1;10001
25517
1;10111
25523
1;10001
25517
1;10000
25516
1;10100
25520
1;1111
25515
1;10000
25516
1;1111
25515
1;10011
25519
1;10011
25519
1;10011
25519
1;1111
25515
1;1110
25514
1;10001
25517
1;10010
25518
1;10001
25517
1;10010
25518
1;10001
25517
1;10100
25520
1;1011
25511
1;11100
25528
1;11000
25524
1;10011
25519
1;1111
25515
1;11000
25524
1;10101
25521
1